[setting] seed:0
[solver] type:PIBT
[solver] solved:1
[solver] elapsed:211
[solver] makespan:388
[problem] timesteplimit:50000
[problem] type:MAPF
[problem] agentnum:20
[graph] width:128
[graph] height:128
[graph] filename:./map/maze-128-128.map
[task] id:12,start:0,end:0,service time:0,nodes:15621,
[task] id:8,start:0,end:0,service time:0,nodes:7821,
[task] id:1,start:0,end:0,service time:0,nodes:2160,
[task] id:18,start:0,end:0,service time:0,nodes:14395,
[task] id:10,start:0,end:0,service time:0,nodes:13829,
[task] id:9,start:0,end:0,service time:0,nodes:16043,
[task] id:4,start:0,end:0,service time:0,nodes:9333,
[task] id:6,start:0,end:0,service time:0,nodes:5404,
[task] id:11,start:0,end:0,service time:0,nodes:9375,
[task] id:13,start:0,end:0,service time:0,nodes:8004,
[task] id:17,start:0,end:0,service time:0,nodes:4144,
[task] id:15,start:0,end:0,service time:0,nodes:6482,
[task] id:16,start:0,end:0,service time:0,nodes:16001,
[task] id:5,start:0,end:0,service time:0,nodes:9729,
[task] id:3,start:0,end:0,service time:0,nodes:7897,
[task] id:2,start:0,end:0,service time:0,nodes:1645,
[task] id:0,start:0,end:0,service time:0,nodes:2485,
[task] id:19,start:0,end:0,service time:0,nodes:10189,
[task] id:14,start:0,end:0,service time:0,nodes:13147,
[task] id:7,start:0,end:0,service time:0,nodes:8986,
[agent] id:0
path:9119,9118,9117,9116,9115,9114,9113,9112,9111,9110,9109,9108,9107,9106,9105,9104,9103,9102,9101,9229,9228,9227,9355,9483,9611,9739,9738,9866,9994,9995,9996,9997,9998,9999,10000,10001,10002,10003,10004,10005,10006,10007,10135,10263,10391,10519,10647,10775,10903,11031,11159,11287,11415,11543,11671,11799,11927,12055,12183,12311,12439,12438,12437,12436,12435,12563,12691,12819,12818,12817,12945,13073,13201,13200,13199,13327,13455,13583,13711,13710,13709,13708,13836,13964,14092,14220,14348,14476,14604,14732,14860,14859,14987,15115,15114,15242,15242,15114,14986,14858,14857,14985,15113,15114,15242,15370,15498,15626,15627,15628,15629,15630,15631,15632,15633,15634,15635,15636,15764,15765,15766,15767,15768,15640,15512,15384,15256,15128,15000,14872,14744,14616,14488,14360,14361,14362,14363,14364,14365,14366,14367,14368,14369,14370,14371,14372,14373,14374,14375,14376,14377,14378,14379,14380,14381,14253,14125,13997,13869,13741,13613,13485,13357,13229,13101,12973,12845,12844,12843,12715,12587,12459,12331,12203,12075,11947,11819,11691,11563,11563,11564,11436,11435,11307,11179,11051,10923,10795,10667,10539,10411,10283,10155,10027,10028,10029,9901,9773,9645,9517,9389,9261,9133,9005,8877,8749,8621,8620,8619,8491,8363,8235,8107,7979,7851,7723,7595,7467,7339,7211,7210,7209,7208,7207,7206,7205,7204,7203,7202,7201,7200,7072,6944,6943,6942,6941,6940,6939,6938,6937,6936,6935,6934,6933,6932,6931,6930,6929,6928,6927,7055,7054,7053,7052,7180,7179,7178,7050,6922,6794,6666,6538,6410,6282,6154,6026,5898,5770,5642,5514,5386,5258,5130,5002,4874,4746,4618,4490,4362,4234,4106,3978,3850,3722,3594,3466,3338,3210,3082,2954,2955,2956,2957,2958,2959,2960,2961,2962,2963,2964,2965,2966,2967,2968,2969,2970,2971,2972,2973,2974,2975,2976,2977,2978,2979,2980,2981,2982,2983,2984,2985,2986,2987,2988,2989,2861,2733,2605,2477,2478,2479,2480,2481,2482,2483,2484,2485,2485,2485,2485,2485,2485,2485,2485,2485,2485,2485,2485,2485,2485,2485,2485,2485,2485,2485,2485,2485,2485,2485,2485,2485,2485,2485,2485,2485,2485,2485,2485,2485,2485,2485,2485,2485,2485,2485,2485,2485,2485,2485,2485,2485,2485,2485,2485,2485,2485,2485,2485,2485,
goal:2485,2485,2485,2485,2485,2485,2485,2485,2485,2485,2485,2485,2485,2485,2485,2485,2485,2485,2485,2485,2485,2485,2485,2485,2485,2485,2485,2485,2485,2485,2485,2485,2485,2485,2485,2485,2485,2485,2485,2485,2485,2485,2485,2485,2485,2485,2485,2485,2485,2485,2485,2485,2485,2485,2485,2485,2485,2485,2485,2485,2485,2485,2485,2485,2485,2485,2485,2485,2485,2485,2485,2485,2485,2485,2485,2485,2485,2485,2485,2485,2485,2485,2485,2485,2485,2485,2485,2485,2485,2485,2485,2485,2485,2485,2485,2485,2485,2485,2485,2485,2485,2485,2485,2485,2485,2485,2485,2485,2485,2485,2485,2485,2485,2485,2485,2485,2485,2485,2485,2485,2485,2485,2485,2485,2485,2485,2485,2485,2485,2485,2485,2485,2485,2485,2485,2485,2485,2485,2485,2485,2485,2485,2485,2485,2485,2485,2485,2485,2485,2485,2485,2485,2485,2485,2485,2485,2485,2485,2485,2485,2485,2485,2485,2485,2485,2485,2485,2485,2485,2485,2485,2485,2485,2485,2485,2485,2485,2485,2485,2485,2485,2485,2485,2485,2485,2485,2485,2485,2485,2485,2485,2485,2485,2485,2485,2485,2485,2485,2485,2485,2485,2485,2485,2485,2485,2485,2485,2485,2485,2485,2485,2485,2485,2485,2485,2485,2485,2485,2485,2485,2485,2485,2485,2485,2485,2485,2485,2485,2485,2485,2485,2485,2485,2485,2485,2485,2485,2485,2485,2485,2485,2485,2485,2485,2485,2485,2485,2485,2485,2485,2485,2485,2485,2485,2485,2485,2485,2485,2485,2485,2485,2485,2485,2485,2485,2485,2485,2485,2485,2485,2485,2485,2485,2485,2485,2485,2485,2485,2485,2485,2485,2485,2485,2485,2485,2485,2485,2485,2485,2485,2485,2485,2485,2485,2485,2485,2485,2485,2485,2485,2485,2485,2485,2485,2485,2485,2485,2485,2485,2485,2485,2485,2485,2485,2485,2485,2485,2485,2485,2485,2485,2485,2485,2485,2485,2485,2485,2485,2485,2485,2485,2485,2485,2485,2485,2485,2485,2485,2485,2485,2485,2485,2485,2485,2485,2485,2485,2485,2485,2485,2485,2485,2485,2485,2485,2485,2485,2485,2485,2485,2485,2485,2485,2485,2485,2485,2485,2485,2485,2485,2485,2485,2485,2485,2485,2485,2485,2485,2485,2485,2485,2485,2485,2485,2485,2485,2485,2485,2485,
size:336
[agent] id:1
path:9471,9343,9215,9087,8959,8831,8703,8575,8447,8319,8191,8063,7935,7807,7679,7551,7423,7295,7167,7039,6911,6783,6655,6527,6399,6271,6143,6015,5887,5759,5631,5503,5375,5247,5119,4991,4863,4735,4607,4479,4478,4477,4476,4475,4474,4473,4472,4344,4216,4088,3960,3832,3704,3576,3448,3320,3192,3064,2936,2808,2680,2552,2424,2296,2168,2167,2166,2165,2164,2163,2162,2161,2160,2160,2160,2160,2160,2160,2160,2160,2160,2160,2160,2160,2160,2160,2160,2160,2160,2160,2160,2160,2160,2160,2160,2160,2160,2160,2160,2160,2160,2160,2160,2160,2160,2160,2160,2160,2160,2160,2160,2160,2160,2160,2160,2160,2160,2160,2160,2160,2160,2160,2160,2160,2160,2160,2160,2160,2160,2160,2160,2160,2160,2160,2160,2160,2160,2160,2160,2160,2160,2160,2160,2160,2160,2160,2160,2160,2160,2160,2160,2160,2160,2160,2160,2160,2160,2160,2160,2160,2160,2160,2160,2160,2160,2160,2160,2160,2160,2160,2160,2160,2160,2160,2160,2160,2160,2160,2160,2160,2160,2160,2160,2160,2160,2160,2160,2160,2160,2160,2160,2160,2160,2160,2160,2160,2160,2160,2160,2160,2160,2160,2160,2160,2160,2160,2160,2160,2160,2160,2160,2160,2160,2160,2160,2160,2160,2160,2160,2160,2160,2160,2160,2160,2160,2160,2160,2160,2160,2160,2160,2160,2160,2160,2160,2160,2160,2160,2160,2160,2160,2160,2160,2160,2160,2160,2160,2160,2160,2160,2160,2160,2160,2160,2160,2160,2160,2160,2160,2160,2160,2160,2160,2160,2160,2160,2160,2160,2160,2160,2160,2160,2160,2160,2160,2160,2160,2160,2160,2160,2160,2160,2160,2160,2160,2160,2160,2160,2160,2160,2160,2160,2160,2160,2160,2160,2160,2160,2160,2160,2160,2160,2160,2160,2160,2160,2160,2160,2160,2160,2160,2160,2160,2160,2160,2160,2160,2160,2160,2160,2160,2160,2160,2160,2160,2160,2160,2160,2160,2160,2160,2160,2160,2160,2160,2160,2160,2160,2160,2160,2160,2160,2160,2160,2160,2160,2160,2160,2160,2160,2160,2160,2160,2160,2160,2160,2160,2160,2160,2160,2160,2160,2160,2160,2160,2160,2160,2160,2160,2160,2160,2160,2160,2160,2160,2160,2160,2160,2160,2160,2160,2160,2160,2160,2160,2160,2160,2160,2160,
goal:2160,2160,2160,2160,2160,2160,2160,2160,2160,2160,2160,2160,2160,2160,2160,2160,2160,2160,2160,2160,2160,2160,2160,2160,2160,2160,2160,2160,2160,2160,2160,2160,2160,2160,2160,2160,2160,2160,2160,2160,2160,2160,2160,2160,2160,2160,2160,2160,2160,2160,2160,2160,2160,2160,2160,2160,2160,2160,2160,2160,2160,2160,2160,2160,2160,2160,2160,2160,2160,2160,2160,2160,2160,2160,2160,2160,2160,2160,2160,2160,2160,2160,2160,2160,2160,2160,2160,2160,2160,2160,2160,2160,2160,2160,2160,2160,2160,2160,2160,2160,2160,2160,2160,2160,2160,2160,2160,2160,2160,2160,2160,2160,2160,2160,2160,2160,2160,2160,2160,2160,2160,2160,2160,2160,2160,2160,2160,2160,2160,2160,2160,2160,2160,2160,2160,2160,2160,2160,2160,2160,2160,2160,2160,2160,2160,2160,2160,2160,2160,2160,2160,2160,2160,2160,2160,2160,2160,2160,2160,2160,2160,2160,2160,2160,2160,2160,2160,2160,2160,2160,2160,2160,2160,2160,2160,2160,2160,2160,2160,2160,2160,2160,2160,2160,2160,2160,2160,2160,2160,2160,2160,2160,2160,2160,2160,2160,2160,2160,2160,2160,2160,2160,2160,2160,2160,2160,2160,2160,2160,2160,2160,2160,2160,2160,2160,2160,2160,2160,2160,2160,2160,2160,2160,2160,2160,2160,2160,2160,2160,2160,2160,2160,2160,2160,2160,2160,2160,2160,2160,2160,2160,2160,2160,2160,2160,2160,2160,2160,2160,2160,2160,2160,2160,2160,2160,2160,2160,2160,2160,2160,2160,2160,2160,2160,2160,2160,2160,2160,2160,2160,2160,2160,2160,2160,2160,2160,2160,2160,2160,2160,2160,2160,2160,2160,2160,2160,2160,2160,2160,2160,2160,2160,2160,2160,2160,2160,2160,2160,2160,2160,2160,2160,2160,2160,2160,2160,2160,2160,2160,2160,2160,2160,2160,2160,2160,2160,2160,2160,2160,2160,2160,2160,2160,2160,2160,2160,2160,2160,2160,2160,2160,2160,2160,2160,2160,2160,2160,2160,2160,2160,2160,2160,2160,2160,2160,2160,2160,2160,2160,2160,2160,2160,2160,2160,2160,2160,2160,2160,2160,2160,2160,2160,2160,2160,2160,2160,2160,2160,2160,2160,2160,2160,2160,2160,2160,2160,2160,2160,2160,2160,2160,2160,2160,2160,2160,2160,2160,2160,2160,
size:72
[agent] id:2
path:13194,13195,13196,13324,13452,13580,13708,13836,13964,14092,14220,14348,14476,14604,14732,14860,14988,15116,15244,15372,15371,15370,15498,15626,15627,15628,15629,15630,15631,15632,15633,15634,15635,15636,15637,15638,15639,15511,15383,15255,15127,14999,14871,14743,14615,14487,14359,14231,14232,14233,14234,14235,14236,14237,14238,14239,14240,14241,14242,14243,14244,14245,14246,14247,14248,14249,14250,14251,14252,14253,14125,13997,13869,13741,13613,13485,13357,13229,13101,12973,12845,12844,12843,12715,12587,12459,12331,12203,12075,11947,11819,11691,11563,11435,11307,11179,11051,10923,10795,10667,10539,10411,10283,10155,10027,10028,10029,9901,9773,9645,9517,9389,9261,9133,9005,8877,8749,8621,8620,8619,8491,8363,8235,8107,7979,7851,7723,7595,7467,7339,7211,7210,7209,7208,7207,7206,7205,7204,7203,7202,7201,7200,7072,6944,6943,6942,6941,6940,6939,6938,6937,6936,6935,6934,6933,6932,6931,6930,6929,6928,6927,6926,7054,7053,7052,7180,7179,7178,7050,6922,6794,6666,6538,6410,6282,6154,6026,5898,5770,5642,5514,5386,5258,5130,5002,4874,4746,4618,4490,4362,4234,4106,3978,3850,3722,3594,3466,3338,3210,3082,2954,2955,2956,2957,2958,2959,2960,2961,2962,2963,2964,2965,2966,2967,2968,2969,2970,2971,2972,2973,2974,2975,2976,2977,2978,2979,2980,2981,2982,2983,2984,2985,2986,2987,2988,2989,2861,2733,2605,2477,2349,2221,2093,1965,1837,1709,1581,1582,1583,1584,1585,1586,1587,1588,1589,1590,1462,1334,1335,1336,1337,1338,1339,1340,1341,1342,1343,1344,1345,1346,1347,1475,1603,1604,1605,1606,1607,1608,1609,1610,1611,1612,1613,1614,1615,1616,1617,1618,1619,1620,1621,1622,1623,1624,1625,1626,1627,1628,1629,1630,1631,1632,1633,1634,1635,1636,1637,1638,1639,1640,1641,1642,1643,1644,1645,1645,1645,1645,1645,1645,1645,1645,1645,1645,1645,1645,1645,1645,1645,1645,1645,1645,1645,1645,1645,1645,1645,1645,1645,1645,1645,1645,1645,1645,1645,1645,1645,1645,1645,1645,1645,1645,1645,1645,1645,1645,1645,1645,1645,1645,1645,1645,1645,1645,1645,1645,1645,1645,1645,1645,1645,1645,1645,1645,1645,1645,1645,1645,1645,1645,1645,1645,1645,1645,1645,1645,1645,1645,1645,
goal:1645,1645,1645,1645,1645,1645,1645,1645,1645,1645,1645,1645,1645,1645,1645,1645,1645,1645,1645,1645,1645,1645,1645,1645,1645,1645,1645,1645,1645,1645,1645,1645,1645,1645,1645,1645,1645,1645,1645,1645,1645,1645,1645,1645,1645,1645,1645,1645,1645,1645,1645,1645,1645,1645,1645,1645,1645,1645,1645,1645,1645,1645,1645,1645,1645,1645,1645,1645,1645,1645,1645,1645,1645,1645,1645,1645,1645,1645,1645,1645,1645,1645,1645,1645,1645,1645,1645,1645,1645,1645,1645,1645,1645,1645,1645,1645,1645,1645,1645,1645,1645,1645,1645,1645,1645,1645,1645,1645,1645,1645,1645,1645,1645,1645,1645,1645,1645,1645,1645,1645,1645,1645,1645,1645,1645,1645,1645,1645,1645,1645,1645,1645,1645,1645,1645,1645,1645,1645,1645,1645,1645,1645,1645,1645,1645,1645,1645,1645,1645,1645,1645,1645,1645,1645,1645,1645,1645,1645,1645,1645,1645,1645,1645,1645,1645,1645,1645,1645,1645,1645,1645,1645,1645,1645,1645,1645,1645,1645,1645,1645,1645,1645,1645,1645,1645,1645,1645,1645,1645,1645,1645,1645,1645,1645,1645,1645,1645,1645,1645,1645,1645,1645,1645,1645,1645,1645,1645,1645,1645,1645,1645,1645,1645,1645,1645,1645,1645,1645,1645,1645,1645,1645,1645,1645,1645,1645,1645,1645,1645,1645,1645,1645,1645,1645,1645,1645,1645,1645,1645,1645,1645,1645,1645,1645,1645,1645,1645,1645,1645,1645,1645,1645,1645,1645,1645,1645,1645,1645,1645,1645,1645,1645,1645,1645,1645,1645,1645,1645,1645,1645,1645,1645,1645,1645,1645,1645,1645,1645,1645,1645,1645,1645,1645,1645,1645,1645,1645,1645,1645,1645,1645,1645,1645,1645,1645,1645,1645,1645,1645,1645,1645,1645,1645,1645,1645,1645,1645,1645,1645,1645,1645,1645,1645,1645,1645,1645,1645,1645,1645,1645,1645,1645,1645,1645,1645,1645,1645,1645,1645,1645,1645,1645,1645,1645,1645,1645,1645,1645,1645,1645,1645,1645,1645,1645,1645,1645,1645,1645,1645,1645,1645,1645,1645,1645,1645,1645,1645,1645,1645,1645,1645,1645,1645,1645,1645,1645,1645,1645,1645,1645,1645,1645,1645,1645,1645,1645,1645,1645,1645,1645,1645,1645,1645,1645,1645,1645,1645,1645,1645,
size:314
[agent] id:3
path:6025,6153,6281,6409,6537,6665,6793,6921,7049,7177,7178,7179,7180,7181,7182,7183,7184,7185,7186,7187,7188,7189,7061,6933,6934,6935,7063,7191,7319,7447,7575,7703,7831,7832,7833,7834,7835,7836,7964,7965,7966,7967,7968,7969,7970,7971,7972,7973,7974,7975,7976,7977,7978,8106,8234,8362,8490,8618,8746,8747,8748,8876,9004,9132,9260,9388,9516,9644,9772,9773,9901,10029,10157,10285,10413,10541,10669,10668,10667,10795,10923,11051,11179,11307,11435,11563,11691,11819,11947,11948,12076,12204,12332,12460,12588,12587,12715,12843,12844,12845,12846,12847,12848,12849,12850,12851,12852,12853,12854,12855,12856,12857,12858,12859,12860,12861,12862,12863,12864,12865,12993,13121,13249,13377,13505,13633,13761,13889,14017,14145,14273,14274,14275,14276,14277,14278,14279,14280,14281,14282,14283,14284,14285,14286,14287,14288,14289,14290,14291,14292,14293,14294,14295,14296,14297,14298,14299,14300,14301,14429,14430,14558,14686,14687,14815,14943,15071,15199,15327,15455,15456,15457,15585,15713,15714,15715,15716,15717,15718,15719,15720,15721,15722,15723,15724,15725,15726,15727,15728,15729,15730,15731,15732,15733,15734,15735,15736,15737,15738,15610,15482,15354,15226,15098,14970,14842,14714,14586,14458,14330,14329,14328,14200,14072,13944,13816,13688,13560,13432,13304,13176,13048,12920,12921,12922,12794,12666,12538,12410,12282,12154,12026,11898,11770,11642,11514,11513,11512,11384,11256,11128,11000,10872,10744,10616,10488,10360,10232,10104,9976,9848,9720,9592,9464,9336,9208,9080,8952,8824,8696,8568,8440,8312,8184,8056,7928,7927,7926,7925,7924,7923,7922,7921,7920,7919,7918,7917,7916,7915,7914,7913,7912,7911,7910,7909,7908,7907,7906,7905,7904,7903,7902,7901,7900,7899,7898,7897,7897,7897,7897,7897,7897,7897,7897,7897,7897,7897,7897,7897,7897,7897,7897,7897,7897,7897,7897,7897,7897,7897,7897,7897,7897,7897,7897,7897,7897,7897,7897,7897,7897,7897,7897,7897,7897,7897,7897,7897,7897,7897,7897,7897,7897,7897,7897,7897,7897,7897,7897,7897,7897,7897,7897,7897,7897,7897,7897,7897,7897,7897,7897,7897,7897,7897,7897,7897,7897,7897,7897,7897,7897,7897,7897,7897,7897,7897,7897,7897,7897,7897,7897,7897,7897,7897,7897,7897,7897,7897,7897,7897,
goal:7897,7897,7897,7897,7897,7897,7897,7897,7897,7897,7897,7897,7897,7897,7897,7897,7897,7897,7897,7897,7897,7897,7897,7897,7897,7897,7897,7897,7897,7897,7897,7897,7897,7897,7897,7897,7897,7897,7897,7897,7897,7897,7897,7897,7897,7897,7897,7897,7897,7897,7897,7897,7897,7897,7897,7897,7897,7897,7897,7897,7897,7897,7897,7897,7897,7897,7897,7897,7897,7897,7897,7897,7897,7897,7897,7897,7897,7897,7897,7897,7897,7897,7897,7897,7897,7897,7897,7897,7897,7897,7897,7897,7897,7897,7897,7897,7897,7897,7897,7897,7897,7897,7897,7897,7897,7897,7897,7897,7897,7897,7897,7897,7897,7897,7897,7897,7897,7897,7897,7897,7897,7897,7897,7897,7897,7897,7897,7897,7897,7897,7897,7897,7897,7897,7897,7897,7897,7897,7897,7897,7897,7897,7897,7897,7897,7897,7897,7897,7897,7897,7897,7897,7897,7897,7897,7897,7897,7897,7897,7897,7897,7897,7897,7897,7897,7897,7897,7897,7897,7897,7897,7897,7897,7897,7897,7897,7897,7897,7897,7897,7897,7897,7897,7897,7897,7897,7897,7897,7897,7897,7897,7897,7897,7897,7897,7897,7897,7897,7897,7897,7897,7897,7897,7897,7897,7897,7897,7897,7897,7897,7897,7897,7897,7897,7897,7897,7897,7897,7897,7897,7897,7897,7897,7897,7897,7897,7897,7897,7897,7897,7897,7897,7897,7897,7897,7897,7897,7897,7897,7897,7897,7897,7897,7897,7897,7897,7897,7897,7897,7897,7897,7897,7897,7897,7897,7897,7897,7897,7897,7897,7897,7897,7897,7897,7897,7897,7897,7897,7897,7897,7897,7897,7897,7897,7897,7897,7897,7897,7897,7897,7897,7897,7897,7897,7897,7897,7897,7897,7897,7897,7897,7897,7897,7897,7897,7897,7897,7897,7897,7897,7897,7897,7897,7897,7897,7897,7897,7897,7897,7897,7897,7897,7897,7897,7897,7897,7897,7897,7897,7897,7897,7897,7897,7897,7897,7897,7897,7897,7897,7897,7897,7897,7897,7897,7897,7897,7897,7897,7897,7897,7897,7897,7897,7897,7897,7897,7897,7897,7897,7897,7897,7897,7897,7897,7897,7897,7897,7897,7897,7897,7897,7897,7897,7897,7897,7897,7897,7897,7897,7897,7897,7897,7897,7897,7897,7897,7897,7897,7897,7897,7897,7897,7897,7897,7897,7897,7897,7897,7897,
size:296
[agent] id:4
path:13758,13759,13760,13761,13889,14017,14145,14273,14274,14275,14276,14277,14278,14279,14280,14281,14282,14283,14284,14285,14286,14287,14288,14289,14290,14291,14292,14293,14294,14295,14296,14297,14298,14299,14300,14301,14302,14303,14304,14305,14306,14434,14562,14690,14818,14946,15074,15202,15330,15458,15586,15714,15715,15716,15717,15718,15719,15720,15721,15722,15723,15724,15725,15726,15727,15728,15729,15730,15731,15732,15733,15734,15735,15736,15737,15738,15610,15482,15354,15226,15098,14970,14842,14714,14586,14458,14330,14329,14328,14200,14072,13944,13816,13688,13560,13432,13304,13176,13048,12920,12921,12922,12794,12666,12538,12410,12282,12154,12026,11898,11770,11642,11514,11513,11512,11384,11256,11128,11000,10872,10744,10616,10488,10360,10232,10104,9976,9848,9720,9592,9464,9336,9335,9334,9333,9333,9333,9333,9333,9333,9333,9333,9333,9333,9333,9333,9333,9333,9333,9333,9333,9333,9333,9333,9333,9333,9333,9333,9333,9333,9333,9333,9333,9333,9333,9333,9333,9333,9333,9333,9333,9333,9333,9333,9333,9333,9333,9333,9333,9333,9333,9333,9333,9333,9333,9333,9333,9333,9333,9333,9333,9333,9333,9333,9333,9333,9333,9333,9333,9333,9333,9333,9333,9333,9333,9333,9333,9333,9333,9333,9333,9333,9333,9333,9333,9333,9333,9333,9333,9333,9333,9333,9333,9333,9333,9333,9333,9333,9333,9333,9333,9333,9333,9333,9333,9333,9333,9333,9333,9333,9333,9333,9333,9333,9333,9333,9333,9333,9333,9333,9333,9333,9333,9333,9333,9333,9333,9333,9333,9333,9333,9333,9333,9333,9333,9333,9333,9333,9333,9333,9333,9333,9333,9333,9333,9333,9333,9333,9333,9333,9333,9333,9333,9333,9333,9333,9333,9333,9333,9333,9333,9333,9333,9333,9333,9333,9333,9333,9333,9333,9333,9333,9333,9333,9333,9333,9333,9333,9333,9333,9333,9333,9333,9333,9333,9333,9333,9333,9333,9333,9333,9333,9333,9333,9333,9333,9333,9333,9333,9333,9333,9333,9333,9333,9333,9333,9333,9333,9333,9333,9333,9333,9333,9333,9333,9333,9333,9333,9333,9333,9333,9333,9333,9333,9333,9333,9333,9333,9333,9333,9333,9333,9333,9333,9333,9333,9333,9333,9333,9333,9333,9333,9333,9333,9333,9333,9333,9333,9333,9333,9333,9333,9333,9333,9333,9333,9333,9333,9333,
goal:9333,9333,9333,9333,9333,9333,9333,9333,9333,9333,9333,9333,9333,9333,9333,9333,9333,9333,9333,9333,9333,9333,9333,9333,9333,9333,9333,9333,9333,9333,9333,9333,9333,9333,9333,9333,9333,9333,9333,9333,9333,9333,9333,9333,9333,9333,9333,9333,9333,9333,9333,9333,9333,9333,9333,9333,9333,9333,9333,9333,9333,9333,9333,9333,9333,9333,9333,9333,9333,9333,9333,9333,9333,9333,9333,9333,9333,9333,9333,9333,9333,9333,9333,9333,9333,9333,9333,9333,9333,9333,9333,9333,9333,9333,9333,9333,9333,9333,9333,9333,9333,9333,9333,9333,9333,9333,9333,9333,9333,9333,9333,9333,9333,9333,9333,9333,9333,9333,9333,9333,9333,9333,9333,9333,9333,9333,9333,9333,9333,9333,9333,9333,9333,9333,9333,9333,9333,9333,9333,9333,9333,9333,9333,9333,9333,9333,9333,9333,9333,9333,9333,9333,9333,9333,9333,9333,9333,9333,9333,9333,9333,9333,9333,9333,9333,9333,9333,9333,9333,9333,9333,9333,9333,9333,9333,9333,9333,9333,9333,9333,9333,9333,9333,9333,9333,9333,9333,9333,9333,9333,9333,9333,9333,9333,9333,9333,9333,9333,9333,9333,9333,9333,9333,9333,9333,9333,9333,9333,9333,9333,9333,9333,9333,9333,9333,9333,9333,9333,9333,9333,9333,9333,9333,9333,9333,9333,9333,9333,9333,9333,9333,9333,9333,9333,9333,9333,9333,9333,9333,9333,9333,9333,9333,9333,9333,9333,9333,9333,9333,9333,9333,9333,9333,9333,9333,9333,9333,9333,9333,9333,9333,9333,9333,9333,9333,9333,9333,9333,9333,9333,9333,9333,9333,9333,9333,9333,9333,9333,9333,9333,9333,9333,9333,9333,9333,9333,9333,9333,9333,9333,9333,9333,9333,9333,9333,9333,9333,9333,9333,9333,9333,9333,9333,9333,9333,9333,9333,9333,9333,9333,9333,9333,9333,9333,9333,9333,9333,9333,9333,9333,9333,9333,9333,9333,9333,9333,9333,9333,9333,9333,9333,9333,9333,9333,9333,9333,9333,9333,9333,9333,9333,9333,9333,9333,9333,9333,9333,9333,9333,9333,9333,9333,9333,9333,9333,9333,9333,9333,9333,9333,9333,9333,9333,9333,9333,9333,9333,9333,9333,9333,9333,9333,9333,9333,9333,9333,9333,9333,9333,9333,9333,9333,9333,9333,9333,9333,9333,9333,9333,
size:134
[agent] id:5
path:2433,2561,2689,2817,2945,3073,3201,3329,3457,3585,3713,3841,3969,4097,4225,4353,4481,4609,4737,4865,4993,5121,5249,5377,5505,5633,5761,5889,6017,6145,6273,6401,6529,6657,6785,6913,7041,7169,7170,7171,7172,7173,7174,7175,7176,7177,7178,7179,7180,7181,7182,7183,7184,7185,7186,7187,7188,7060,6932,6933,6934,6935,7063,7191,7319,7447,7575,7703,7831,7959,8087,8215,8343,8344,8345,8346,8347,8348,8349,8350,8351,8352,8353,8354,8482,8610,8738,8866,8994,9122,9250,9378,9506,9634,9762,9763,9764,9765,9766,9767,9768,9769,9770,9771,9772,9773,9901,9902,10030,10158,10157,10156,10284,10412,10540,10668,10796,10924,11052,11180,11179,11307,11435,11563,11691,11819,11947,12075,12203,12331,12459,12587,12715,12843,12971,13099,13227,13355,13483,13611,13739,13867,13995,13996,13997,14125,14253,14252,14251,14250,14249,14248,14247,14246,14245,14244,14243,14242,14241,14240,14239,14238,14237,14236,14235,14234,14233,14232,14231,14359,14487,14615,14743,14871,14999,15127,15255,15383,15511,15639,15638,15637,15636,15635,15634,15633,15632,15631,15630,15629,15628,15627,15626,15498,15370,15242,15114,14986,14858,14730,14602,14474,14346,14218,14219,14220,14092,13964,13836,13708,13580,13452,13324,13196,13068,12940,12812,12684,12556,12428,12300,12172,12044,11916,11788,11660,11532,11404,11405,11406,11407,11408,11409,11410,11411,11412,11413,11414,11415,11287,11159,11031,10903,10775,10647,10519,10391,10263,10135,10007,10006,10005,10004,10003,10002,10001,10000,9999,9998,9997,9996,9995,9994,9866,9738,9737,9736,9735,9734,9733,9732,9731,9730,9729,9729,9729,9729,9729,9729,9729,9729,9729,9729,9729,9729,9729,9729,9729,9729,9729,9729,9729,9729,9729,9729,9729,9729,9729,9729,9729,9729,9729,9729,9729,9729,9729,9729,9729,9729,9729,9729,9729,9729,9729,9729,9729,9729,9729,9729,9729,9729,9729,9729,9729,9729,9729,9729,9729,9729,9729,9729,9729,9729,9729,9729,9729,9729,9729,9729,9729,9729,9729,9729,9729,9729,9729,9729,9729,9729,9729,9729,9729,9729,9729,9729,9729,9729,9729,9729,9729,9729,9729,9729,9729,9729,9729,9729,9729,9729,9729,9729,9729,9729,9729,9729,9729,9729,9729,9729,9729,9729,9729,9729,9729,9729,9729,9729,9729,9729,
goal:9729,9729,9729,9729,9729,9729,9729,9729,9729,9729,9729,9729,9729,9729,9729,9729,9729,9729,9729,9729,9729,9729,9729,9729,9729,9729,9729,9729,9729,9729,9729,9729,9729,9729,9729,9729,9729,9729,9729,9729,9729,9729,9729,9729,9729,9729,9729,9729,9729,9729,9729,9729,9729,9729,9729,9729,9729,9729,9729,9729,9729,9729,9729,9729,9729,9729,9729,9729,9729,9729,9729,9729,9729,9729,9729,9729,9729,9729,9729,9729,9729,9729,9729,9729,9729,9729,9729,9729,9729,9729,9729,9729,9729,9729,9729,9729,9729,9729,9729,9729,9729,9729,9729,9729,9729,9729,9729,9729,9729,9729,9729,9729,9729,9729,9729,9729,9729,9729,9729,9729,9729,9729,9729,9729,9729,9729,9729,9729,9729,9729,9729,9729,9729,9729,9729,9729,9729,9729,9729,9729,9729,9729,9729,9729,9729,9729,9729,9729,9729,9729,9729,9729,9729,9729,9729,9729,9729,9729,9729,9729,9729,9729,9729,9729,9729,9729,9729,9729,9729,9729,9729,9729,9729,9729,9729,9729,9729,9729,9729,9729,9729,9729,9729,9729,9729,9729,9729,9729,9729,9729,9729,9729,9729,9729,9729,9729,9729,9729,9729,9729,9729,9729,9729,9729,9729,9729,9729,9729,9729,9729,9729,9729,9729,9729,9729,9729,9729,9729,9729,9729,9729,9729,9729,9729,9729,9729,9729,9729,9729,9729,9729,9729,9729,9729,9729,9729,9729,9729,9729,9729,9729,9729,9729,9729,9729,9729,9729,9729,9729,9729,9729,9729,9729,9729,9729,9729,9729,9729,9729,9729,9729,9729,9729,9729,9729,9729,9729,9729,9729,9729,9729,9729,9729,9729,9729,9729,9729,9729,9729,9729,9729,9729,9729,9729,9729,9729,9729,9729,9729,9729,9729,9729,9729,9729,9729,9729,9729,9729,9729,9729,9729,9729,9729,9729,9729,9729,9729,9729,9729,9729,9729,9729,9729,9729,9729,9729,9729,9729,9729,9729,9729,9729,9729,9729,9729,9729,9729,9729,9729,9729,9729,9729,9729,9729,9729,9729,9729,9729,9729,9729,9729,9729,9729,9729,9729,9729,9729,9729,9729,9729,9729,9729,9729,9729,9729,9729,9729,9729,9729,9729,9729,9729,9729,9729,9729,9729,9729,9729,9729,9729,9729,9729,9729,9729,9729,9729,9729,9729,9729,9729,9729,9729,9729,9729,9729,9729,9729,9729,9729,
size:273
[agent] id:6
path:8260,8261,8389,8390,8391,8392,8393,8394,8395,8396,8397,8398,8526,8654,8653,8652,8651,8650,8649,8648,8647,8646,8645,8644,8643,8771,8899,9027,9155,9283,9411,9539,9667,9795,9923,10051,10179,10307,10435,10563,10691,10819,10947,11075,11203,11331,11459,11458,11457,11456,11455,11454,11453,11452,11451,11450,11449,11448,11447,11446,11445,11444,11443,11442,11441,11440,11439,11438,11437,11436,11435,11307,11179,11051,10923,10795,10667,10539,10411,10283,10155,10027,10028,10029,9901,9773,9645,9517,9389,9261,9133,9005,8877,8749,8621,8493,8365,8237,8109,7981,7853,7725,7597,7469,7341,7213,7085,6957,6829,6701,6573,6445,6317,6189,6061,5933,5805,5804,5803,5675,5547,5419,5418,5417,5416,5415,5414,5413,5412,5411,5410,5409,5408,5407,5406,5405,5404,5404,5404,5404,5404,5404,5404,5404,5404,5404,5404,5404,5404,5404,5404,5404,5404,5404,5404,5404,5404,5404,5404,5404,5404,5404,5404,5404,5404,5404,5404,5404,5404,5404,5404,5404,5404,5404,5404,5404,5404,5404,5404,5404,5404,5404,5404,5404,5404,5404,5404,5404,5404,5404,5404,5404,5404,5404,5404,5404,5404,5404,5404,5404,5404,5404,5404,5404,5404,5404,5404,5404,5404,5404,5404,5404,5404,5404,5404,5404,5404,5404,5404,5404,5404,5404,5404,5404,5404,5404,5404,5404,5404,5404,5404,5404,5404,5404,5404,5404,5404,5404,5404,5404,5404,5404,5404,5404,5404,5404,5404,5404,5404,5404,5404,5404,5404,5404,5404,5404,5404,5404,5404,5404,5404,5404,5404,5404,5404,5404,5404,5404,5404,5404,5404,5404,5404,5404,5404,5404,5404,5404,5404,5404,5404,5404,5404,5404,5404,5404,5404,5404,5404,5404,5404,5404,5404,5404,5404,5404,5404,5404,5404,5404,5404,5404,5404,5404,5404,5404,5404,5404,5404,5404,5404,5404,5404,5404,5404,5404,5404,5404,5404,5404,5404,5404,5404,5404,5404,5404,5404,5404,5404,5404,5404,5404,5404,5404,5404,5404,5404,5404,5404,5404,5404,5404,5404,5404,5404,5404,5404,5404,5404,5404,5404,5404,5404,5404,5404,5404,5404,5404,5404,5404,5404,5404,5404,5404,5404,5404,5404,5404,5404,5404,5404,5404,5404,5404,5404,5404,5404,5404,5404,5404,5404,5404,5404,5404,5404,5404,5404,5404,5404,
goal:5404,5404,5404,5404,5404,5404,5404,5404,5404,5404,5404,5404,5404,5404,5404,5404,5404,5404,5404,5404,5404,5404,5404,5404,5404,5404,5404,5404,5404,5404,5404,5404,5404,5404,5404,5404,5404,5404,5404,5404,5404,5404,5404,5404,5404,5404,5404,5404,5404,5404,5404,5404,5404,5404,5404,5404,5404,5404,5404,5404,5404,5404,5404,5404,5404,5404,5404,5404,5404,5404,5404,5404,5404,5404,5404,5404,5404,5404,5404,5404,5404,5404,5404,5404,5404,5404,5404,5404,5404,5404,5404,5404,5404,5404,5404,5404,5404,5404,5404,5404,5404,5404,5404,5404,5404,5404,5404,5404,5404,5404,5404,5404,5404,5404,5404,5404,5404,5404,5404,5404,5404,5404,5404,5404,5404,5404,5404,5404,5404,5404,5404,5404,5404,5404,5404,5404,5404,5404,5404,5404,5404,5404,5404,5404,5404,5404,5404,5404,5404,5404,5404,5404,5404,5404,5404,5404,5404,5404,5404,5404,5404,5404,5404,5404,5404,5404,5404,5404,5404,5404,5404,5404,5404,5404,5404,5404,5404,5404,5404,5404,5404,5404,5404,5404,5404,5404,5404,5404,5404,5404,5404,5404,5404,5404,5404,5404,5404,5404,5404,5404,5404,5404,5404,5404,5404,5404,5404,5404,5404,5404,5404,5404,5404,5404,5404,5404,5404,5404,5404,5404,5404,5404,5404,5404,5404,5404,5404,5404,5404,5404,5404,5404,5404,5404,5404,5404,5404,5404,5404,5404,5404,5404,5404,5404,5404,5404,5404,5404,5404,5404,5404,5404,5404,5404,5404,5404,5404,5404,5404,5404,5404,5404,5404,5404,5404,5404,5404,5404,5404,5404,5404,5404,5404,5404,5404,5404,5404,5404,5404,5404,5404,5404,5404,5404,5404,5404,5404,5404,5404,5404,5404,5404,5404,5404,5404,5404,5404,5404,5404,5404,5404,5404,5404,5404,5404,5404,5404,5404,5404,5404,5404,5404,5404,5404,5404,5404,5404,5404,5404,5404,5404,5404,5404,5404,5404,5404,5404,5404,5404,5404,5404,5404,5404,5404,5404,5404,5404,5404,5404,5404,5404,5404,5404,5404,5404,5404,5404,5404,5404,5404,5404,5404,5404,5404,5404,5404,5404,5404,5404,5404,5404,5404,5404,5404,5404,5404,5404,5404,5404,5404,5404,5404,5404,5404,5404,5404,5404,5404,5404,5404,5404,5404,5404,5404,5404,5404,5404,5404,5404,
size:136
[agent] id:7
path:2664,2663,2662,2661,2660,2659,2658,2657,2656,2655,2654,2653,2652,2651,2650,2649,2648,2647,2646,2645,2644,2643,2642,2641,2640,2639,2638,2637,2636,2635,2634,2633,2632,2631,2630,2629,2628,2627,2499,2371,2243,2115,1987,1859,1731,1603,1475,1347,1346,1345,1344,1343,1342,1341,1340,1339,1338,1337,1336,1335,1334,1462,1590,1718,1846,1974,2102,2230,2358,2486,2614,2742,2870,2998,3126,3254,3382,3510,3638,3766,3894,4022,4150,4149,4148,4147,4146,4145,4144,4143,4142,4141,4140,4139,4138,4137,4136,4135,4134,4133,4132,4131,4130,4129,4128,4127,4126,4125,4124,4123,4122,4121,4120,4119,4118,4117,4116,4115,4114,4113,4112,4111,4110,4109,4108,4107,4106,4234,4362,4490,4618,4746,4874,5002,5130,5258,5386,5514,5642,5770,5898,6026,6154,6282,6410,6538,6666,6794,6922,7050,7178,7179,7180,7181,7182,7183,7184,7185,7186,7187,7188,7189,7061,6933,6934,6935,7063,7191,7319,7447,7575,7703,7831,7959,8087,8215,8343,8344,8345,8346,8347,8348,8349,8350,8351,8352,8353,8354,8482,8610,8738,8866,8994,8995,8996,8997,8998,8999,9000,9001,9002,9003,9004,9132,9133,9261,9389,9517,9645,9773,9901,10029,10028,10027,10155,10283,10411,10539,10667,10795,10923,11051,11179,11307,11435,11563,11691,11819,11947,12075,12203,12331,12459,12587,12715,12843,12971,13099,13227,13355,13483,13611,13739,13867,13868,13869,13997,14125,14253,14252,14251,14250,14249,14248,14247,14246,14245,14244,14243,14242,14241,14240,14239,14238,14237,14236,14235,14234,14362,14490,14618,14746,14874,15002,15001,15000,15128,15256,15384,15512,15640,15639,15638,15637,15636,15635,15634,15633,15632,15631,15630,15629,15628,15627,15626,15498,15370,15242,15114,14986,14858,14730,14602,14474,14346,14218,14219,14220,14092,13964,13836,13708,13580,13452,13324,13196,13068,12940,12812,12684,12556,12428,12300,12172,12044,11916,11788,11660,11532,11404,11405,11406,11407,11408,11409,11410,11411,11412,11413,11414,11415,11287,11159,11031,10903,10775,10647,10519,10391,10263,10135,10007,10006,10005,10004,10003,10002,10001,10000,9999,9998,9997,9996,9995,9994,9866,9738,9610,9482,9354,9226,9098,8970,8971,8972,8973,8974,8975,8976,8977,8978,8979,8980,8981,8982,8983,8984,8985,8986,
goal:8986,8986,8986,8986,8986,8986,8986,8986,8986,8986,8986,8986,8986,8986,8986,8986,8986,8986,8986,8986,8986,8986,8986,8986,8986,8986,8986,8986,8986,8986,8986,8986,8986,8986,8986,8986,8986,8986,8986,8986,8986,8986,8986,8986,8986,8986,8986,8986,8986,8986,8986,8986,8986,8986,8986,8986,8986,8986,8986,8986,8986,8986,8986,8986,8986,8986,8986,8986,8986,8986,8986,8986,8986,8986,8986,8986,8986,8986,8986,8986,8986,8986,8986,8986,8986,8986,8986,8986,8986,8986,8986,8986,8986,8986,8986,8986,8986,8986,8986,8986,8986,8986,8986,8986,8986,8986,8986,8986,8986,8986,8986,8986,8986,8986,8986,8986,8986,8986,8986,8986,8986,8986,8986,8986,8986,8986,8986,8986,8986,8986,8986,8986,8986,8986,8986,8986,8986,8986,8986,8986,8986,8986,8986,8986,8986,8986,8986,8986,8986,8986,8986,8986,8986,8986,8986,8986,8986,8986,8986,8986,8986,8986,8986,8986,8986,8986,8986,8986,8986,8986,8986,8986,8986,8986,8986,8986,8986,8986,8986,8986,8986,8986,8986,8986,8986,8986,8986,8986,8986,8986,8986,8986,8986,8986,8986,8986,8986,8986,8986,8986,8986,8986,8986,8986,8986,8986,8986,8986,8986,8986,8986,8986,8986,8986,8986,8986,8986,8986,8986,8986,8986,8986,8986,8986,8986,8986,8986,8986,8986,8986,8986,8986,8986,8986,8986,8986,8986,8986,8986,8986,8986,8986,8986,8986,8986,8986,8986,8986,8986,8986,8986,8986,8986,8986,8986,8986,8986,8986,8986,8986,8986,8986,8986,8986,8986,8986,8986,8986,8986,8986,8986,8986,8986,8986,8986,8986,8986,8986,8986,8986,8986,8986,8986,8986,8986,8986,8986,8986,8986,8986,8986,8986,8986,8986,8986,8986,8986,8986,8986,8986,8986,8986,8986,8986,8986,8986,8986,8986,8986,8986,8986,8986,8986,8986,8986,8986,8986,8986,8986,8986,8986,8986,8986,8986,8986,8986,8986,8986,8986,8986,8986,8986,8986,8986,8986,8986,8986,8986,8986,8986,8986,8986,8986,8986,8986,8986,8986,8986,8986,8986,8986,8986,8986,8986,8986,8986,8986,8986,8986,8986,8986,8986,8986,8986,8986,8986,8986,8986,8986,8986,8986,8986,8986,8986,8986,8986,8986,8986,8986,8986,8986,8986,8986,8986,8986,8986,8986,8986,8986,
size:388
[agent] id:8
path:10414,10286,10158,10030,9902,9774,9646,9518,9390,9262,9134,9006,8878,8750,8622,8621,8620,8619,8491,8363,8235,8107,7979,7851,7850,7849,7848,7847,7846,7845,7844,7843,7842,7841,7840,7839,7838,7837,7836,7835,7834,7833,7832,7831,7703,7575,7447,7319,7191,7063,6935,6934,6933,7061,7189,7317,7445,7573,7701,7829,7828,7827,7826,7825,7824,7823,7822,7821,7821,7821,7821,7821,7821,7821,7821,7821,7821,7821,7821,7821,7821,7821,7821,7821,7821,7821,7821,7821,7821,7821,7821,7821,7821,7821,7821,7821,7821,7821,7821,7821,7821,7821,7821,7821,7821,7821,7821,7821,7821,7821,7821,7821,7821,7821,7821,7821,7821,7821,7821,7821,7821,7821,7821,7821,7821,7821,7821,7821,7821,7821,7821,7821,7821,7821,7821,7821,7821,7821,7821,7821,7821,7821,7821,7821,7821,7821,7821,7821,7821,7821,7821,7821,7821,7821,7821,7821,7821,7821,7821,7821,7821,7821,7821,7821,7821,7821,7821,7821,7821,7821,7821,7821,7821,7821,7821,7821,7821,7821,7821,7821,7821,7821,7821,7821,7821,7821,7821,7821,7821,7821,7821,7821,7821,7821,7821,7821,7821,7821,7821,7821,7821,7821,7821,7821,7821,7821,7821,7821,7821,7821,7821,7821,7821,7821,7821,7821,7821,7821,7821,7821,7821,7821,7821,7821,7821,7821,7821,7821,7821,7821,7821,7821,7821,7821,7821,7821,7821,7821,7821,7821,7821,7821,7821,7821,7821,7821,7821,7821,7821,7821,7821,7821,7821,7821,7821,7821,7821,7821,7821,7821,7821,7821,7821,7821,7821,7821,7821,7821,7821,7821,7821,7821,7821,7821,7821,7821,7821,7821,7821,7821,7821,7821,7821,7821,7821,7821,7821,7821,7821,7821,7821,7821,7821,7821,7821,7821,7821,7821,7821,7821,7821,7821,7821,7821,7821,7821,7821,7821,7821,7821,7821,7821,7821,7821,7821,7821,7821,7821,7821,7821,7821,7821,7821,7821,7821,7821,7821,7821,7821,7821,7821,7821,7821,7821,7821,7821,7821,7821,7821,7821,7821,7821,7821,7821,7821,7821,7821,7821,7821,7821,7821,7821,7821,7821,7821,7821,7821,7821,7821,7821,7821,7821,7821,7821,7821,7821,7821,7821,7821,7821,7821,7821,7821,7821,7821,7821,7821,7821,7821,7821,7821,7821,7821,7821,7821,7821,7821,7821,7821,
goal:7821,7821,7821,7821,7821,7821,7821,7821,7821,7821,7821,7821,7821,7821,7821,7821,7821,7821,7821,7821,7821,7821,7821,7821,7821,7821,7821,7821,7821,7821,7821,7821,7821,7821,7821,7821,7821,7821,7821,7821,7821,7821,7821,7821,7821,7821,7821,7821,7821,7821,7821,7821,7821,7821,7821,7821,7821,7821,7821,7821,7821,7821,7821,7821,7821,7821,7821,7821,7821,7821,7821,7821,7821,7821,7821,7821,7821,7821,7821,7821,7821,7821,7821,7821,7821,7821,7821,7821,7821,7821,7821,7821,7821,7821,7821,7821,7821,7821,7821,7821,7821,7821,7821,7821,7821,7821,7821,7821,7821,7821,7821,7821,7821,7821,7821,7821,7821,7821,7821,7821,7821,7821,7821,7821,7821,7821,7821,7821,7821,7821,7821,7821,7821,7821,7821,7821,7821,7821,7821,7821,7821,7821,7821,7821,7821,7821,7821,7821,7821,7821,7821,7821,7821,7821,7821,7821,7821,7821,7821,7821,7821,7821,7821,7821,7821,7821,7821,7821,7821,7821,7821,7821,7821,7821,7821,7821,7821,7821,7821,7821,7821,7821,7821,7821,7821,7821,7821,7821,7821,7821,7821,7821,7821,7821,7821,7821,7821,7821,7821,7821,7821,7821,7821,7821,7821,7821,7821,7821,7821,7821,7821,7821,7821,7821,7821,7821,7821,7821,7821,7821,7821,7821,7821,7821,7821,7821,7821,7821,7821,7821,7821,7821,7821,7821,7821,7821,7821,7821,7821,7821,7821,7821,7821,7821,7821,7821,7821,7821,7821,7821,7821,7821,7821,7821,7821,7821,7821,7821,7821,7821,7821,7821,7821,7821,7821,7821,7821,7821,7821,7821,7821,7821,7821,7821,7821,7821,7821,7821,7821,7821,7821,7821,7821,7821,7821,7821,7821,7821,7821,7821,7821,7821,7821,7821,7821,7821,7821,7821,7821,7821,7821,7821,7821,7821,7821,7821,7821,7821,7821,7821,7821,7821,7821,7821,7821,7821,7821,7821,7821,7821,7821,7821,7821,7821,7821,7821,7821,7821,7821,7821,7821,7821,7821,7821,7821,7821,7821,7821,7821,7821,7821,7821,7821,7821,7821,7821,7821,7821,7821,7821,7821,7821,7821,7821,7821,7821,7821,7821,7821,7821,7821,7821,7821,7821,7821,7821,7821,7821,7821,7821,7821,7821,7821,7821,7821,7821,7821,7821,7821,7821,7821,7821,7821,7821,7821,7821,7821,7821,7821,
size:67
[agent] id:9
path:6174,6302,6430,6558,6686,6814,6942,7070,7198,7326,7454,7582,7710,7838,7966,8094,8222,8350,8351,8352,8353,8354,8482,8610,8738,8866,8994,9122,9250,9378,9506,9634,9762,9763,9764,9765,9766,9767,9768,9769,9770,9771,9772,9773,9901,10029,10157,10285,10413,10541,10669,10797,10925,11053,11181,11180,11179,11307,11435,11563,11691,11819,11947,12075,12203,12331,12459,12587,12715,12843,12971,13099,13227,13355,13483,13611,13739,13867,13995,13996,13997,14125,14253,14252,14251,14250,14249,14248,14376,14375,14374,14373,14372,14371,14370,14369,14368,14368,14496,14624,14752,14880,15008,15136,15264,15392,15520,15648,15776,15904,16032,16033,16034,16035,16036,16037,16038,16039,16040,16041,16042,16043,16043,16043,16043,16043,16043,16043,16043,16043,16043,16043,16043,16043,16043,16043,16043,16043,16043,16043,16043,16043,16043,16043,16043,16043,16043,16043,16043,16043,16043,16043,16043,16043,16043,16043,16043,16043,16043,16043,16043,16043,16043,16043,16043,16043,16043,16043,16043,16043,16043,16043,16043,16043,16043,16043,16043,16043,16043,16043,16043,16043,16043,16043,16043,16043,16043,16043,16043,16043,16043,16043,16043,16043,16043,16043,16043,16043,16043,16043,16043,16043,16043,16043,16043,16043,16043,16043,16043,16043,16043,16043,16043,16043,16043,16043,16043,16043,16043,16043,16043,16043,16043,16043,16043,16043,16043,16043,16043,16043,16043,16043,16043,16043,16043,16043,16043,16043,16043,16043,16043,16043,16043,16043,16043,16043,16043,16043,16043,16043,16043,16043,16043,16043,16043,16043,16043,16043,16043,16043,16043,16043,16043,16043,16043,16043,16043,16043,16043,16043,16043,16043,16043,16043,16043,16043,16043,16043,16043,16043,16043,16043,16043,16043,16043,16043,16043,16043,16043,16043,16043,16043,16043,16043,16043,16043,16043,16043,16043,16043,16043,16043,16043,16043,16043,16043,16043,16043,16043,16043,16043,16043,16043,16043,16043,16043,16043,16043,16043,16043,16043,16043,16043,16043,16043,16043,16043,16043,16043,16043,16043,16043,16043,16043,16043,16043,16043,16043,16043,16043,16043,16043,16043,16043,16043,16043,16043,16043,16043,16043,16043,16043,16043,16043,16043,16043,16043,16043,16043,16043,16043,16043,16043,16043,16043,16043,16043,16043,16043,16043,16043,16043,16043,16043,16043,16043,16043,16043,16043,16043,16043,16043,16043,16043,16043,16043,16043,16043,16043,
goal:16043,16043,16043,16043,16043,16043,16043,16043,16043,16043,16043,16043,16043,16043,16043,16043,16043,16043,16043,16043,16043,16043,16043,16043,16043,16043,16043,16043,16043,16043,16043,16043,16043,16043,16043,16043,16043,16043,16043,16043,16043,16043,16043,16043,16043,16043,16043,16043,16043,16043,16043,16043,16043,16043,16043,16043,16043,16043,16043,16043,16043,16043,16043,16043,16043,16043,16043,16043,16043,16043,16043,16043,16043,16043,16043,16043,16043,16043,16043,16043,16043,16043,16043,16043,16043,16043,16043,16043,16043,16043,16043,16043,16043,16043,16043,16043,16043,16043,16043,16043,16043,16043,16043,16043,16043,16043,16043,16043,16043,16043,16043,16043,16043,16043,16043,16043,16043,16043,16043,16043,16043,16043,16043,16043,16043,16043,16043,16043,16043,16043,16043,16043,16043,16043,16043,16043,16043,16043,16043,16043,16043,16043,16043,16043,16043,16043,16043,16043,16043,16043,16043,16043,16043,16043,16043,16043,16043,16043,16043,16043,16043,16043,16043,16043,16043,16043,16043,16043,16043,16043,16043,16043,16043,16043,16043,16043,16043,16043,16043,16043,16043,16043,16043,16043,16043,16043,16043,16043,16043,16043,16043,16043,16043,16043,16043,16043,16043,16043,16043,16043,16043,16043,16043,16043,16043,16043,16043,16043,16043,16043,16043,16043,16043,16043,16043,16043,16043,16043,16043,16043,16043,16043,16043,16043,16043,16043,16043,16043,16043,16043,16043,16043,16043,16043,16043,16043,16043,16043,16043,16043,16043,16043,16043,16043,16043,16043,16043,16043,16043,16043,16043,16043,16043,16043,16043,16043,16043,16043,16043,16043,16043,16043,16043,16043,16043,16043,16043,16043,16043,16043,16043,16043,16043,16043,16043,16043,16043,16043,16043,16043,16043,16043,16043,16043,16043,16043,16043,16043,16043,16043,16043,16043,16043,16043,16043,16043,16043,16043,16043,16043,16043,16043,16043,16043,16043,16043,16043,16043,16043,16043,16043,16043,16043,16043,16043,16043,16043,16043,16043,16043,16043,16043,16043,16043,16043,16043,16043,16043,16043,16043,16043,16043,16043,16043,16043,16043,16043,16043,16043,16043,16043,16043,16043,16043,16043,16043,16043,16043,16043,16043,16043,16043,16043,16043,16043,16043,16043,16043,16043,16043,16043,16043,16043,16043,16043,16043,16043,16043,16043,16043,16043,16043,16043,16043,16043,16043,16043,16043,16043,16043,16043,16043,16043,16043,16043,16043,16043,16043,16043,
size:121
[agent] id:10
path:9510,9638,9766,9767,9768,9769,9770,9771,9772,9773,9901,10029,10157,10285,10413,10541,10669,10797,10925,11053,11181,11180,11179,11307,11435,11563,11691,11819,11947,12075,12203,12331,12459,12587,12715,12843,12971,13099,13227,13355,13483,13611,13739,13867,13995,13996,13997,14125,14253,14252,14251,14250,14249,14248,14247,14246,14245,14244,14243,14371,14370,14369,14368,14367,14366,14365,14364,14363,14362,14361,14360,14488,14616,14744,14872,15000,15128,15256,15384,15512,15640,15639,15638,15637,15636,15635,15634,15633,15632,15631,15630,15629,15628,15627,15626,15498,15370,15242,15114,14986,14858,14730,14602,14474,14346,14218,14219,14220,14092,13964,13836,13835,13834,13833,13832,13831,13830,13829,13829,13829,13829,13829,13829,13829,13829,13829,13829,13829,13829,13829,13829,13829,13829,13829,13829,13829,13829,13829,13829,13829,13829,13829,13829,13829,13829,13829,13829,13829,13829,13829,13829,13829,13829,13829,13829,13829,13829,13829,13829,13829,13829,13829,13829,13829,13829,13829,13829,13829,13829,13829,13829,13829,13829,13829,13829,13829,13829,13829,13829,13829,13829,13829,13829,13829,13829,13829,13829,13829,13829,13829,13829,13829,13829,13829,13829,13829,13829,13829,13829,13829,13829,13829,13829,13829,13829,13829,13829,13829,13829,13829,13829,13829,13829,13829,13829,13829,13829,13829,13829,13829,13829,13829,13829,13829,13829,13829,13829,13829,13829,13829,13829,13829,13829,13829,13829,13829,13829,13829,13829,13829,13829,13829,13829,13829,13829,13829,13829,13829,13829,13829,13829,13829,13829,13829,13829,13829,13829,13829,13829,13829,13829,13829,13829,13829,13829,13829,13829,13829,13829,13829,13829,13829,13829,13829,13829,13829,13829,13829,13829,13829,13829,13829,13829,13829,13829,13829,13829,13829,13829,13829,13829,13829,13829,13829,13829,13829,13829,13829,13829,13829,13829,13829,13829,13829,13829,13829,13829,13829,13829,13829,13829,13829,13829,13829,13829,13829,13829,13829,13829,13829,13829,13829,13829,13829,13829,13829,13829,13829,13829,13829,13829,13829,13829,13829,13829,13829,13829,13829,13829,13829,13829,13829,13829,13829,13829,13829,13829,13829,13829,13829,13829,13829,13829,13829,13829,13829,13829,13829,13829,13829,13829,13829,13829,13829,13829,13829,13829,13829,13829,13829,13829,13829,13829,13829,13829,13829,13829,13829,13829,13829,13829,13829,13829,13829,13829,13829,13829,13829,13829,
goal:13829,13829,13829,13829,13829,13829,13829,13829,13829,13829,13829,13829,13829,13829,13829,13829,13829,13829,13829,13829,13829,13829,13829,13829,13829,13829,13829,13829,13829,13829,13829,13829,13829,13829,13829,13829,13829,13829,13829,13829,13829,13829,13829,13829,13829,13829,13829,13829,13829,13829,13829,13829,13829,13829,13829,13829,13829,13829,13829,13829,13829,13829,13829,13829,13829,13829,13829,13829,13829,13829,13829,13829,13829,13829,13829,13829,13829,13829,13829,13829,13829,13829,13829,13829,13829,13829,13829,13829,13829,13829,13829,13829,13829,13829,13829,13829,13829,13829,13829,13829,13829,13829,13829,13829,13829,13829,13829,13829,13829,13829,13829,13829,13829,13829,13829,13829,13829,13829,13829,13829,13829,13829,13829,13829,13829,13829,13829,13829,13829,13829,13829,13829,13829,13829,13829,13829,13829,13829,13829,13829,13829,13829,13829,13829,13829,13829,13829,13829,13829,13829,13829,13829,13829,13829,13829,13829,13829,13829,13829,13829,13829,13829,13829,13829,13829,13829,13829,13829,13829,13829,13829,13829,13829,13829,13829,13829,13829,13829,13829,13829,13829,13829,13829,13829,13829,13829,13829,13829,13829,13829,13829,13829,13829,13829,13829,13829,13829,13829,13829,13829,13829,13829,13829,13829,13829,13829,13829,13829,13829,13829,13829,13829,13829,13829,13829,13829,13829,13829,13829,13829,13829,13829,13829,13829,13829,13829,13829,13829,13829,13829,13829,13829,13829,13829,13829,13829,13829,13829,13829,13829,13829,13829,13829,13829,13829,13829,13829,13829,13829,13829,13829,13829,13829,13829,13829,13829,13829,13829,13829,13829,13829,13829,13829,13829,13829,13829,13829,13829,13829,13829,13829,13829,13829,13829,13829,13829,13829,13829,13829,13829,13829,13829,13829,13829,13829,13829,13829,13829,13829,13829,13829,13829,13829,13829,13829,13829,13829,13829,13829,13829,13829,13829,13829,13829,13829,13829,13829,13829,13829,13829,13829,13829,13829,13829,13829,13829,13829,13829,13829,13829,13829,13829,13829,13829,13829,13829,13829,13829,13829,13829,13829,13829,13829,13829,13829,13829,13829,13829,13829,13829,13829,13829,13829,13829,13829,13829,13829,13829,13829,13829,13829,13829,13829,13829,13829,13829,13829,13829,13829,13829,13829,13829,13829,13829,13829,13829,13829,13829,13829,13829,13829,13829,13829,13829,13829,13829,13829,13829,13829,13829,13829,13829,13829,13829,13829,13829,13829,13829,13829,
size:117
[agent] id:11
path:6058,6186,6314,6442,6570,6698,6826,6954,6955,6956,6957,7085,7213,7341,7469,7597,7725,7853,7981,8109,8237,8365,8493,8621,8749,8877,9005,9133,9261,9389,9517,9645,9773,9901,10029,10028,10027,10155,10283,10411,10539,10667,10795,10923,11051,11179,11307,11435,11563,11691,11819,11947,12075,12203,12331,12459,12587,12715,12843,12971,13099,13227,13355,13483,13484,13485,13613,13741,13869,13997,13997,13869,13741,13613,13485,13486,13614,13742,13870,13998,14126,14254,14382,14381,14380,14379,14378,14377,14505,14504,14503,14502,14501,14500,14499,14498,14497,14496,14495,14494,14493,14621,14749,14877,15005,15004,15003,15131,15259,15258,15386,15514,15642,15641,15640,15639,15638,15637,15636,15635,15634,15633,15632,15631,15630,15629,15628,15627,15626,15498,15370,15242,15114,14986,14858,14730,14602,14474,14346,14218,14219,14220,14092,13964,13836,13708,13580,13452,13324,13196,13068,12940,12812,12684,12556,12428,12300,12172,12044,11916,11788,11660,11532,11404,11405,11406,11407,11408,11409,11410,11411,11412,11413,11414,11415,11287,11159,11031,10903,10775,10647,10519,10391,10263,10135,10007,10006,10005,10004,10003,10002,10001,10000,9999,9998,9997,9996,9995,9994,9866,9738,9610,9482,9354,9355,9356,9357,9358,9359,9360,9361,9362,9363,9364,9365,9366,9367,9368,9369,9370,9371,9372,9373,9374,9375,9375,9375,9375,9375,9375,9375,9375,9375,9375,9375,9375,9375,9375,9375,9375,9375,9375,9375,9375,9375,9375,9375,9375,9375,9375,9375,9375,9375,9375,9375,9375,9375,9375,9375,9375,9375,9375,9375,9375,9375,9375,9375,9375,9375,9375,9375,9375,9375,9375,9375,9375,9375,9375,9375,9375,9375,9375,9375,9375,9375,9375,9375,9375,9375,9375,9375,9375,9375,9375,9375,9375,9375,9375,9375,9375,9375,9375,9375,9375,9375,9375,9375,9375,9375,9375,9375,9375,9375,9375,9375,9375,9375,9375,9375,9375,9375,9375,9375,9375,9375,9375,9375,9375,9375,9375,9375,9375,9375,9375,9375,9375,9375,9375,9375,9375,9375,9375,9375,9375,9375,9375,9375,9375,9375,9375,9375,9375,9375,9375,9375,9375,9375,9375,9375,9375,9375,9375,9375,9375,9375,9375,9375,9375,9375,9375,9375,9375,9375,9375,9375,9375,9375,9375,9375,9375,9375,9375,9375,9375,9375,9375,9375,9375,9375,
goal:9375,9375,9375,9375,9375,9375,9375,9375,9375,9375,9375,9375,9375,9375,9375,9375,9375,9375,9375,9375,9375,9375,9375,9375,9375,9375,9375,9375,9375,9375,9375,9375,9375,9375,9375,9375,9375,9375,9375,9375,9375,9375,9375,9375,9375,9375,9375,9375,9375,9375,9375,9375,9375,9375,9375,9375,9375,9375,9375,9375,9375,9375,9375,9375,9375,9375,9375,9375,9375,9375,9375,9375,9375,9375,9375,9375,9375,9375,9375,9375,9375,9375,9375,9375,9375,9375,9375,9375,9375,9375,9375,9375,9375,9375,9375,9375,9375,9375,9375,9375,9375,9375,9375,9375,9375,9375,9375,9375,9375,9375,9375,9375,9375,9375,9375,9375,9375,9375,9375,9375,9375,9375,9375,9375,9375,9375,9375,9375,9375,9375,9375,9375,9375,9375,9375,9375,9375,9375,9375,9375,9375,9375,9375,9375,9375,9375,9375,9375,9375,9375,9375,9375,9375,9375,9375,9375,9375,9375,9375,9375,9375,9375,9375,9375,9375,9375,9375,9375,9375,9375,9375,9375,9375,9375,9375,9375,9375,9375,9375,9375,9375,9375,9375,9375,9375,9375,9375,9375,9375,9375,9375,9375,9375,9375,9375,9375,9375,9375,9375,9375,9375,9375,9375,9375,9375,9375,9375,9375,9375,9375,9375,9375,9375,9375,9375,9375,9375,9375,9375,9375,9375,9375,9375,9375,9375,9375,9375,9375,9375,9375,9375,9375,9375,9375,9375,9375,9375,9375,9375,9375,9375,9375,9375,9375,9375,9375,9375,9375,9375,9375,9375,9375,9375,9375,9375,9375,9375,9375,9375,9375,9375,9375,9375,9375,9375,9375,9375,9375,9375,9375,9375,9375,9375,9375,9375,9375,9375,9375,9375,9375,9375,9375,9375,9375,9375,9375,9375,9375,9375,9375,9375,9375,9375,9375,9375,9375,9375,9375,9375,9375,9375,9375,9375,9375,9375,9375,9375,9375,9375,9375,9375,9375,9375,9375,9375,9375,9375,9375,9375,9375,9375,9375,9375,9375,9375,9375,9375,9375,9375,9375,9375,9375,9375,9375,9375,9375,9375,9375,9375,9375,9375,9375,9375,9375,9375,9375,9375,9375,9375,9375,9375,9375,9375,9375,9375,9375,9375,9375,9375,9375,9375,9375,9375,9375,9375,9375,9375,9375,9375,9375,9375,9375,9375,9375,9375,9375,9375,9375,9375,9375,9375,9375,9375,9375,9375,9375,9375,9375,9375,
size:224
[agent] id:12
path:14739,14867,14995,15123,15251,15379,15378,15377,15376,15375,15374,15373,15372,15371,15370,15498,15626,15625,15624,15623,15622,15621,15621,15621,15621,15621,15621,15621,15621,15621,15621,15621,15621,15621,15621,15621,15621,15621,15621,15621,15621,15621,15621,15621,15621,15621,15621,15621,15621,15621,15621,15621,15621,15621,15621,15621,15621,15621,15621,15621,15621,15621,15621,15621,15621,15621,15621,15621,15621,15621,15621,15621,15621,15621,15621,15621,15621,15621,15621,15621,15621,15621,15621,15621,15621,15621,15621,15621,15621,15621,15621,15621,15621,15621,15621,15621,15621,15621,15621,15621,15621,15621,15621,15621,15621,15621,15621,15621,15621,15621,15621,15621,15621,15621,15621,15621,15621,15621,15621,15621,15621,15621,15621,15621,15621,15621,15621,15621,15621,15621,15621,15621,15621,15621,15621,15621,15621,15621,15621,15621,15621,15621,15621,15621,15621,15621,15621,15621,15621,15621,15621,15621,15621,15621,15621,15621,15621,15621,15621,15621,15621,15621,15621,15621,15621,15621,15621,15621,15621,15621,15621,15621,15621,15621,15621,15621,15621,15621,15621,15621,15621,15621,15621,15621,15621,15621,15621,15621,15621,15621,15621,15621,15621,15621,15621,15621,15621,15621,15621,15621,15621,15621,15621,15621,15621,15621,15621,15621,15621,15621,15621,15621,15621,15621,15621,15621,15621,15621,15621,15621,15621,15621,15621,15621,15621,15621,15621,15621,15621,15621,15621,15621,15621,15621,15621,15621,15621,15621,15621,15621,15621,15621,15621,15621,15621,15621,15621,15621,15621,15621,15621,15621,15621,15621,15621,15621,15621,15621,15621,15621,15621,15621,15621,15621,15621,15621,15621,15621,15621,15621,15621,15621,15621,15621,15621,15621,15621,15621,15621,15621,15621,15621,15621,15621,15621,15621,15621,15621,15621,15621,15621,15621,15621,15621,15621,15621,15621,15621,15621,15621,15621,15621,15621,15621,15621,15621,15621,15621,15621,15621,15621,15621,15621,15621,15621,15621,15621,15621,15621,15621,15621,15621,15621,15621,15621,15621,15621,15621,15621,15621,15621,15621,15621,15621,15621,15621,15621,15621,15621,15621,15621,15621,15621,15621,15621,15621,15621,15621,15621,15621,15621,15621,15621,15621,15621,15621,15621,15621,15621,15621,15621,15621,15621,15621,15621,15621,15621,15621,15621,15621,15621,15621,15621,15621,15621,15621,15621,15621,15621,15621,15621,15621,15621,15621,15621,15621,15621,15621,15621,
goal:15621,15621,15621,15621,15621,15621,15621,15621,15621,15621,15621,15621,15621,15621,15621,15621,15621,15621,15621,15621,15621,15621,15621,15621,15621,15621,15621,15621,15621,15621,15621,15621,15621,15621,15621,15621,15621,15621,15621,15621,15621,15621,15621,15621,15621,15621,15621,15621,15621,15621,15621,15621,15621,15621,15621,15621,15621,15621,15621,15621,15621,15621,15621,15621,15621,15621,15621,15621,15621,15621,15621,15621,15621,15621,15621,15621,15621,15621,15621,15621,15621,15621,15621,15621,15621,15621,15621,15621,15621,15621,15621,15621,15621,15621,15621,15621,15621,15621,15621,15621,15621,15621,15621,15621,15621,15621,15621,15621,15621,15621,15621,15621,15621,15621,15621,15621,15621,15621,15621,15621,15621,15621,15621,15621,15621,15621,15621,15621,15621,15621,15621,15621,15621,15621,15621,15621,15621,15621,15621,15621,15621,15621,15621,15621,15621,15621,15621,15621,15621,15621,15621,15621,15621,15621,15621,15621,15621,15621,15621,15621,15621,15621,15621,15621,15621,15621,15621,15621,15621,15621,15621,15621,15621,15621,15621,15621,15621,15621,15621,15621,15621,15621,15621,15621,15621,15621,15621,15621,15621,15621,15621,15621,15621,15621,15621,15621,15621,15621,15621,15621,15621,15621,15621,15621,15621,15621,15621,15621,15621,15621,15621,15621,15621,15621,15621,15621,15621,15621,15621,15621,15621,15621,15621,15621,15621,15621,15621,15621,15621,15621,15621,15621,15621,15621,15621,15621,15621,15621,15621,15621,15621,15621,15621,15621,15621,15621,15621,15621,15621,15621,15621,15621,15621,15621,15621,15621,15621,15621,15621,15621,15621,15621,15621,15621,15621,15621,15621,15621,15621,15621,15621,15621,15621,15621,15621,15621,15621,15621,15621,15621,15621,15621,15621,15621,15621,15621,15621,15621,15621,15621,15621,15621,15621,15621,15621,15621,15621,15621,15621,15621,15621,15621,15621,15621,15621,15621,15621,15621,15621,15621,15621,15621,15621,15621,15621,15621,15621,15621,15621,15621,15621,15621,15621,15621,15621,15621,15621,15621,15621,15621,15621,15621,15621,15621,15621,15621,15621,15621,15621,15621,15621,15621,15621,15621,15621,15621,15621,15621,15621,15621,15621,15621,15621,15621,15621,15621,15621,15621,15621,15621,15621,15621,15621,15621,15621,15621,15621,15621,15621,15621,15621,15621,15621,15621,15621,15621,15621,15621,15621,15621,15621,15621,15621,15621,15621,15621,15621,15621,15621,
size:21
[agent] id:13
path:1586,1714,1842,1970,2098,2226,2354,2482,2610,2738,2866,2994,3122,3250,3378,3506,3634,3762,3890,4018,4146,4145,4144,4143,4142,4141,4140,4139,4138,4137,4136,4135,4134,4133,4132,4131,4130,4129,4128,4127,4126,4125,4124,4123,4122,4121,4120,4119,4118,4117,4116,4115,4114,4113,4112,4111,4110,4109,4108,4107,4106,4234,4362,4490,4618,4746,4874,5002,5130,5258,5386,5514,5642,5770,5898,6026,6154,6282,6410,6538,6666,6794,6922,7050,7178,7179,7180,7181,7182,7183,7184,7185,7186,7187,7188,7189,7061,6933,6934,6935,7063,7191,7319,7447,7575,7703,7831,7959,7960,7961,7962,7963,7964,7965,7966,7967,7968,7969,7970,7971,7972,7973,7974,7975,7976,7977,7978,7979,8107,8235,8363,8491,8619,8620,8621,8749,8877,9005,9133,9261,9389,9517,9645,9773,9901,10029,10157,10285,10413,10541,10669,10797,10925,11053,11181,11180,11179,11307,11435,11436,11437,11438,11439,11440,11441,11442,11443,11444,11445,11446,11447,11448,11449,11450,11451,11452,11453,11454,11455,11456,11457,11458,11459,11331,11203,11075,10947,10819,10691,10563,10435,10307,10179,10051,9923,9795,9667,9539,9411,9283,9155,9027,8899,8771,8643,8644,8645,8646,8647,8648,8649,8650,8651,8652,8653,8654,8526,8398,8270,8142,8014,8013,8012,8011,8010,8009,8008,8007,8006,8005,8004,8004,8004,8004,8004,8004,8004,8004,8004,8004,8004,8004,8004,8004,8004,8004,8004,8004,8004,8004,8004,8004,8004,8004,8004,8004,8004,8004,8004,8004,8004,8004,8004,8004,8004,8004,8004,8004,8004,8004,8004,8004,8004,8004,8004,8004,8004,8004,8004,8004,8004,8004,8004,8004,8004,8004,8004,8004,8004,8004,8004,8004,8004,8004,8004,8004,8004,8004,8004,8004,8004,8004,8004,8004,8004,8004,8004,8004,8004,8004,8004,8004,8004,8004,8004,8004,8004,8004,8004,8004,8004,8004,8004,8004,8004,8004,8004,8004,8004,8004,8004,8004,8004,8004,8004,8004,8004,8004,8004,8004,8004,8004,8004,8004,8004,8004,8004,8004,8004,8004,8004,8004,8004,8004,8004,8004,8004,8004,8004,8004,8004,8004,8004,8004,8004,8004,8004,8004,8004,8004,8004,8004,8004,8004,8004,8004,8004,8004,8004,8004,8004,8004,8004,8004,8004,8004,8004,8004,8004,
goal:8004,8004,8004,8004,8004,8004,8004,8004,8004,8004,8004,8004,8004,8004,8004,8004,8004,8004,8004,8004,8004,8004,8004,8004,8004,8004,8004,8004,8004,8004,8004,8004,8004,8004,8004,8004,8004,8004,8004,8004,8004,8004,8004,8004,8004,8004,8004,8004,8004,8004,8004,8004,8004,8004,8004,8004,8004,8004,8004,8004,8004,8004,8004,8004,8004,8004,8004,8004,8004,8004,8004,8004,8004,8004,8004,8004,8004,8004,8004,8004,8004,8004,8004,8004,8004,8004,8004,8004,8004,8004,8004,8004,8004,8004,8004,8004,8004,8004,8004,8004,8004,8004,8004,8004,8004,8004,8004,8004,8004,8004,8004,8004,8004,8004,8004,8004,8004,8004,8004,8004,8004,8004,8004,8004,8004,8004,8004,8004,8004,8004,8004,8004,8004,8004,8004,8004,8004,8004,8004,8004,8004,8004,8004,8004,8004,8004,8004,8004,8004,8004,8004,8004,8004,8004,8004,8004,8004,8004,8004,8004,8004,8004,8004,8004,8004,8004,8004,8004,8004,8004,8004,8004,8004,8004,8004,8004,8004,8004,8004,8004,8004,8004,8004,8004,8004,8004,8004,8004,8004,8004,8004,8004,8004,8004,8004,8004,8004,8004,8004,8004,8004,8004,8004,8004,8004,8004,8004,8004,8004,8004,8004,8004,8004,8004,8004,8004,8004,8004,8004,8004,8004,8004,8004,8004,8004,8004,8004,8004,8004,8004,8004,8004,8004,8004,8004,8004,8004,8004,8004,8004,8004,8004,8004,8004,8004,8004,8004,8004,8004,8004,8004,8004,8004,8004,8004,8004,8004,8004,8004,8004,8004,8004,8004,8004,8004,8004,8004,8004,8004,8004,8004,8004,8004,8004,8004,8004,8004,8004,8004,8004,8004,8004,8004,8004,8004,8004,8004,8004,8004,8004,8004,8004,8004,8004,8004,8004,8004,8004,8004,8004,8004,8004,8004,8004,8004,8004,8004,8004,8004,8004,8004,8004,8004,8004,8004,8004,8004,8004,8004,8004,8004,8004,8004,8004,8004,8004,8004,8004,8004,8004,8004,8004,8004,8004,8004,8004,8004,8004,8004,8004,8004,8004,8004,8004,8004,8004,8004,8004,8004,8004,8004,8004,8004,8004,8004,8004,8004,8004,8004,8004,8004,8004,8004,8004,8004,8004,8004,8004,8004,8004,8004,8004,8004,8004,8004,8004,8004,8004,8004,8004,8004,8004,8004,8004,8004,8004,8004,8004,8004,
size:230
[agent] id:14
path:1742,1741,1740,1739,1738,1737,1736,1608,1607,1606,1605,1477,1349,1348,1347,1346,1345,1344,1343,1342,1341,1340,1339,1338,1337,1336,1335,1334,1462,1590,1718,1846,1974,2102,2230,2358,2486,2614,2742,2870,2998,3126,3254,3382,3510,3638,3766,3894,4022,4150,4149,4148,4147,4146,4145,4144,4143,4142,4141,4140,4139,4138,4137,4136,4135,4134,4133,4132,4131,4130,4129,4128,4127,4126,4125,4124,4123,4122,4121,4120,4119,4118,4117,4116,4115,4114,4113,4112,4111,4110,4109,4108,4107,4106,4234,4362,4490,4618,4746,4874,5002,5130,5258,5386,5514,5642,5770,5898,6026,6154,6282,6410,6538,6666,6794,6922,7050,7178,7179,7180,7181,7182,7183,7184,7185,7186,7187,7188,7189,7061,6933,6934,6935,7063,7191,7319,7447,7575,7703,7831,7959,8087,8215,8343,8344,8345,8346,8347,8348,8349,8350,8351,8352,8353,8354,8482,8610,8738,8866,8994,9122,9250,9378,9506,9634,9762,9763,9764,9765,9766,9767,9768,9769,9770,9771,9772,9773,9901,10029,10157,10285,10413,10541,10669,10797,10925,11053,11181,11180,11179,11307,11435,11563,11691,11819,11947,12075,12203,12331,12459,12587,12715,12843,12971,13099,13100,13101,13102,13103,13104,13105,13106,13107,13108,13109,13110,13111,13112,13113,13114,13115,13116,13117,13118,13119,13120,13121,13249,13377,13505,13633,13761,13889,14017,14145,14273,14274,14275,14276,14277,14278,14279,14280,14281,14282,14283,14284,14285,14286,14287,14288,14289,14290,14291,14292,14293,14294,14295,14296,14297,14298,14299,14427,14555,14683,14684,14685,14813,14941,15069,15197,15198,15199,15327,15328,15329,15457,15585,15713,15714,15715,15716,15717,15718,15719,15720,15721,15722,15723,15724,15725,15726,15727,15728,15729,15730,15731,15732,15733,15734,15735,15736,15737,15738,15610,15482,15354,15226,15098,14970,14842,14714,14586,14458,14330,14329,14328,14200,14072,13944,13816,13688,13560,13432,13304,13176,13175,13174,13173,13172,13171,13170,13169,13168,13167,13166,13165,13164,13163,13162,13161,13160,13159,13158,13157,13156,13155,13154,13153,13152,13151,13150,13149,13148,13147,13147,13147,13147,13147,13147,13147,13147,13147,13147,13147,13147,13147,13147,13147,13147,13147,13147,13147,13147,13147,13147,13147,13147,13147,13147,13147,13147,13147,13147,13147,13147,13147,13147,13147,
goal:13147,13147,13147,13147,13147,13147,13147,13147,13147,13147,13147,13147,13147,13147,13147,13147,13147,13147,13147,13147,13147,13147,13147,13147,13147,13147,13147,13147,13147,13147,13147,13147,13147,13147,13147,13147,13147,13147,13147,13147,13147,13147,13147,13147,13147,13147,13147,13147,13147,13147,13147,13147,13147,13147,13147,13147,13147,13147,13147,13147,13147,13147,13147,13147,13147,13147,13147,13147,13147,13147,13147,13147,13147,13147,13147,13147,13147,13147,13147,13147,13147,13147,13147,13147,13147,13147,13147,13147,13147,13147,13147,13147,13147,13147,13147,13147,13147,13147,13147,13147,13147,13147,13147,13147,13147,13147,13147,13147,13147,13147,13147,13147,13147,13147,13147,13147,13147,13147,13147,13147,13147,13147,13147,13147,13147,13147,13147,13147,13147,13147,13147,13147,13147,13147,13147,13147,13147,13147,13147,13147,13147,13147,13147,13147,13147,13147,13147,13147,13147,13147,13147,13147,13147,13147,13147,13147,13147,13147,13147,13147,13147,13147,13147,13147,13147,13147,13147,13147,13147,13147,13147,13147,13147,13147,13147,13147,13147,13147,13147,13147,13147,13147,13147,13147,13147,13147,13147,13147,13147,13147,13147,13147,13147,13147,13147,13147,13147,13147,13147,13147,13147,13147,13147,13147,13147,13147,13147,13147,13147,13147,13147,13147,13147,13147,13147,13147,13147,13147,13147,13147,13147,13147,13147,13147,13147,13147,13147,13147,13147,13147,13147,13147,13147,13147,13147,13147,13147,13147,13147,13147,13147,13147,13147,13147,13147,13147,13147,13147,13147,13147,13147,13147,13147,13147,13147,13147,13147,13147,13147,13147,13147,13147,13147,13147,13147,13147,13147,13147,13147,13147,13147,13147,13147,13147,13147,13147,13147,13147,13147,13147,13147,13147,13147,13147,13147,13147,13147,13147,13147,13147,13147,13147,13147,13147,13147,13147,13147,13147,13147,13147,13147,13147,13147,13147,13147,13147,13147,13147,13147,13147,13147,13147,13147,13147,13147,13147,13147,13147,13147,13147,13147,13147,13147,13147,13147,13147,13147,13147,13147,13147,13147,13147,13147,13147,13147,13147,13147,13147,13147,13147,13147,13147,13147,13147,13147,13147,13147,13147,13147,13147,13147,13147,13147,13147,13147,13147,13147,13147,13147,13147,13147,13147,13147,13147,13147,13147,13147,13147,13147,13147,13147,13147,13147,13147,13147,13147,13147,13147,13147,13147,13147,13147,13147,13147,13147,13147,13147,13147,13147,
size:354
[agent] id:15
path:1297,1298,1299,1300,1301,1302,1303,1304,1305,1306,1307,1308,1309,1310,1311,1312,1313,1314,1442,1570,1698,1826,1954,2082,2210,2338,2466,2594,2722,2721,2720,2719,2718,2717,2716,2715,2714,2713,2712,2711,2710,2709,2708,2707,2706,2705,2704,2703,2702,2701,2700,2699,2698,2826,2954,3082,3210,3338,3466,3594,3722,3850,3978,4106,4234,4362,4490,4618,4746,4874,5002,5130,5258,5386,5514,5642,5770,5898,6026,6154,6282,6410,6538,6666,6794,6922,7050,7178,7179,7180,7052,6924,6925,6926,6927,6928,6929,6930,6931,6932,6933,6934,6935,6936,6937,6938,6939,6940,6941,6942,6943,6944,7072,7200,7201,7202,7203,7204,7205,7206,7207,7208,7209,7210,7211,7339,7467,7467,7466,7594,7722,7850,7978,8106,8234,8362,8490,8618,8746,8747,8748,8876,9004,9132,9260,9388,9516,9644,9772,9773,9901,10029,10157,10285,10413,10541,10540,10539,10667,10795,10923,11051,11179,11307,11435,11436,11437,11438,11439,11440,11441,11442,11443,11444,11445,11446,11447,11448,11449,11450,11451,11452,11453,11454,11455,11456,11457,11458,11459,11331,11203,11075,10947,10819,10691,10563,10435,10307,10179,10051,9923,9795,9667,9539,9411,9283,9155,9027,8899,8771,8643,8644,8645,8646,8647,8648,8649,8650,8651,8652,8653,8654,8526,8398,8270,8142,8014,7886,7758,7630,7502,7374,7246,7118,6990,6862,6734,6606,6478,6479,6480,6481,6482,6482,6482,6482,6482,6482,6482,6482,6482,6482,6482,6482,6482,6482,6482,6482,6482,6482,6482,6482,6482,6482,6482,6482,6482,6482,6482,6482,6482,6482,6482,6482,6482,6482,6482,6482,6482,6482,6482,6482,6482,6482,6482,6482,6482,6482,6482,6482,6482,6482,6482,6482,6482,6482,6482,6482,6482,6482,6482,6482,6482,6482,6482,6482,6482,6482,6482,6482,6482,6482,6482,6482,6482,6482,6482,6482,6482,6482,6482,6482,6482,6482,6482,6482,6482,6482,6482,6482,6482,6482,6482,6482,6482,6482,6482,6482,6482,6482,6482,6482,6482,6482,6482,6482,6482,6482,6482,6482,6482,6482,6482,6482,6482,6482,6482,6482,6482,6482,6482,6482,6482,6482,6482,6482,6482,6482,6482,6482,6482,6482,6482,6482,6482,6482,6482,6482,6482,6482,6482,6482,6482,6482,6482,6482,6482,6482,6482,
goal:6482,6482,6482,6482,6482,6482,6482,6482,6482,6482,6482,6482,6482,6482,6482,6482,6482,6482,6482,6482,6482,6482,6482,6482,6482,6482,6482,6482,6482,6482,6482,6482,6482,6482,6482,6482,6482,6482,6482,6482,6482,6482,6482,6482,6482,6482,6482,6482,6482,6482,6482,6482,6482,6482,6482,6482,6482,6482,6482,6482,6482,6482,6482,6482,6482,6482,6482,6482,6482,6482,6482,6482,6482,6482,6482,6482,6482,6482,6482,6482,6482,6482,6482,6482,6482,6482,6482,6482,6482,6482,6482,6482,6482,6482,6482,6482,6482,6482,6482,6482,6482,6482,6482,6482,6482,6482,6482,6482,6482,6482,6482,6482,6482,6482,6482,6482,6482,6482,6482,6482,6482,6482,6482,6482,6482,6482,6482,6482,6482,6482,6482,6482,6482,6482,6482,6482,6482,6482,6482,6482,6482,6482,6482,6482,6482,6482,6482,6482,6482,6482,6482,6482,6482,6482,6482,6482,6482,6482,6482,6482,6482,6482,6482,6482,6482,6482,6482,6482,6482,6482,6482,6482,6482,6482,6482,6482,6482,6482,6482,6482,6482,6482,6482,6482,6482,6482,6482,6482,6482,6482,6482,6482,6482,6482,6482,6482,6482,6482,6482,6482,6482,6482,6482,6482,6482,6482,6482,6482,6482,6482,6482,6482,6482,6482,6482,6482,6482,6482,6482,6482,6482,6482,6482,6482,6482,6482,6482,6482,6482,6482,6482,6482,6482,6482,6482,6482,6482,6482,6482,6482,6482,6482,6482,6482,6482,6482,6482,6482,6482,6482,6482,6482,6482,6482,6482,6482,6482,6482,6482,6482,6482,6482,6482,6482,6482,6482,6482,6482,6482,6482,6482,6482,6482,6482,6482,6482,6482,6482,6482,6482,6482,6482,6482,6482,6482,6482,6482,6482,6482,6482,6482,6482,6482,6482,6482,6482,6482,6482,6482,6482,6482,6482,6482,6482,6482,6482,6482,6482,6482,6482,6482,6482,6482,6482,6482,6482,6482,6482,6482,6482,6482,6482,6482,6482,6482,6482,6482,6482,6482,6482,6482,6482,6482,6482,6482,6482,6482,6482,6482,6482,6482,6482,6482,6482,6482,6482,6482,6482,6482,6482,6482,6482,6482,6482,6482,6482,6482,6482,6482,6482,6482,6482,6482,6482,6482,6482,6482,6482,6482,6482,6482,6482,6482,6482,6482,6482,6482,6482,6482,6482,6482,6482,6482,6482,6482,6482,6482,6482,6482,
size:242
[agent] id:16
path:2365,2364,2363,2362,2361,2360,2232,2104,1976,1848,1720,1592,1464,1336,1335,1334,1462,1590,1718,1846,1974,2102,2230,2358,2486,2614,2742,2870,2998,3126,3254,3382,3510,3638,3766,3894,4022,4150,4149,4148,4147,4146,4145,4144,4143,4142,4141,4140,4139,4138,4137,4136,4135,4134,4133,4132,4131,4130,4129,4128,4127,4126,4125,4124,4123,4122,4121,4120,4119,4118,4117,4116,4115,4114,4113,4112,4111,4110,4109,4108,4107,4106,4234,4362,4490,4618,4746,4874,5002,5130,5258,5386,5514,5642,5770,5898,6026,6154,6282,6410,6538,6666,6794,6922,7050,7178,7179,7180,7181,7182,7183,7184,7185,7186,7187,7188,7060,6932,6933,6934,6935,7063,7191,7319,7447,7575,7703,7831,7959,8087,8215,8343,8344,8345,8346,8347,8348,8349,8350,8351,8352,8353,8354,8482,8610,8738,8866,8994,9122,9250,9378,9506,9634,9762,9763,9764,9765,9766,9767,9768,9769,9770,9771,9772,9773,9901,10029,10157,10285,10413,10541,10669,10797,10925,11053,11181,11180,11179,11307,11435,11563,11691,11819,11947,12075,12203,12331,12459,12587,12715,12843,12971,13099,13227,13355,13483,13611,13739,13867,13995,13996,13997,14125,14253,14381,14509,14637,14765,14893,15021,15149,15277,15405,15404,15403,15402,15401,15400,15399,15398,15397,15396,15395,15394,15393,15392,15520,15648,15776,15904,16032,16031,16030,16029,16028,16027,16026,16025,16024,16023,16022,16021,16020,16019,16018,16017,16016,16015,16014,16013,16012,16011,16010,16009,16008,16007,16006,16005,16004,16003,16002,16001,16001,16001,16001,16001,16001,16001,16001,16001,16001,16001,16001,16001,16001,16001,16001,16001,16001,16001,16001,16001,16001,16001,16001,16001,16001,16001,16001,16001,16001,16001,16001,16001,16001,16001,16001,16001,16001,16001,16001,16001,16001,16001,16001,16001,16001,16001,16001,16001,16001,16001,16001,16001,16001,16001,16001,16001,16001,16001,16001,16001,16001,16001,16001,16001,16001,16001,16001,16001,16001,16001,16001,16001,16001,16001,16001,16001,16001,16001,16001,16001,16001,16001,16001,16001,16001,16001,16001,16001,16001,16001,16001,16001,16001,16001,16001,16001,16001,16001,16001,16001,16001,16001,16001,16001,16001,16001,16001,16001,16001,16001,16001,16001,16001,16001,16001,16001,16001,16001,16001,16001,16001,16001,16001,16001,16001,16001,16001,
goal:16001,16001,16001,16001,16001,16001,16001,16001,16001,16001,16001,16001,16001,16001,16001,16001,16001,16001,16001,16001,16001,16001,16001,16001,16001,16001,16001,16001,16001,16001,16001,16001,16001,16001,16001,16001,16001,16001,16001,16001,16001,16001,16001,16001,16001,16001,16001,16001,16001,16001,16001,16001,16001,16001,16001,16001,16001,16001,16001,16001,16001,16001,16001,16001,16001,16001,16001,16001,16001,16001,16001,16001,16001,16001,16001,16001,16001,16001,16001,16001,16001,16001,16001,16001,16001,16001,16001,16001,16001,16001,16001,16001,16001,16001,16001,16001,16001,16001,16001,16001,16001,16001,16001,16001,16001,16001,16001,16001,16001,16001,16001,16001,16001,16001,16001,16001,16001,16001,16001,16001,16001,16001,16001,16001,16001,16001,16001,16001,16001,16001,16001,16001,16001,16001,16001,16001,16001,16001,16001,16001,16001,16001,16001,16001,16001,16001,16001,16001,16001,16001,16001,16001,16001,16001,16001,16001,16001,16001,16001,16001,16001,16001,16001,16001,16001,16001,16001,16001,16001,16001,16001,16001,16001,16001,16001,16001,16001,16001,16001,16001,16001,16001,16001,16001,16001,16001,16001,16001,16001,16001,16001,16001,16001,16001,16001,16001,16001,16001,16001,16001,16001,16001,16001,16001,16001,16001,16001,16001,16001,16001,16001,16001,16001,16001,16001,16001,16001,16001,16001,16001,16001,16001,16001,16001,16001,16001,16001,16001,16001,16001,16001,16001,16001,16001,16001,16001,16001,16001,16001,16001,16001,16001,16001,16001,16001,16001,16001,16001,16001,16001,16001,16001,16001,16001,16001,16001,16001,16001,16001,16001,16001,16001,16001,16001,16001,16001,16001,16001,16001,16001,16001,16001,16001,16001,16001,16001,16001,16001,16001,16001,16001,16001,16001,16001,16001,16001,16001,16001,16001,16001,16001,16001,16001,16001,16001,16001,16001,16001,16001,16001,16001,16001,16001,16001,16001,16001,16001,16001,16001,16001,16001,16001,16001,16001,16001,16001,16001,16001,16001,16001,16001,16001,16001,16001,16001,16001,16001,16001,16001,16001,16001,16001,16001,16001,16001,16001,16001,16001,16001,16001,16001,16001,16001,16001,16001,16001,16001,16001,16001,16001,16001,16001,16001,16001,16001,16001,16001,16001,16001,16001,16001,16001,16001,16001,16001,16001,16001,16001,16001,16001,16001,16001,16001,16001,16001,16001,16001,16001,16001,16001,16001,16001,16001,16001,16001,16001,16001,16001,16001,
size:261
[agent] id:17
path:13328,13327,13455,13454,13582,13710,13838,13966,14094,14222,14350,14349,14348,14476,14604,14603,14602,14730,14858,14986,15114,15242,15370,15498,15626,15627,15628,15629,15630,15631,15632,15633,15634,15635,15636,15637,15638,15639,15511,15383,15255,15127,14999,14871,14743,14615,14487,14359,14231,14232,14233,14234,14235,14236,14237,14238,14239,14240,14241,14242,14243,14244,14245,14246,14247,14248,14249,14250,14251,14252,14253,14125,13997,13869,13741,13613,13485,13357,13229,13101,12973,12845,12844,12843,12715,12587,12459,12331,12203,12075,11947,11819,11691,11563,11435,11307,11179,11051,10923,10795,10667,10539,10411,10283,10155,10027,10028,10029,9901,9773,9645,9517,9389,9261,9133,9005,8877,8749,8621,8620,8619,8491,8363,8235,8107,7979,7851,7723,7595,7467,7339,7211,7210,7209,7208,7207,7206,7205,7204,7203,7202,7201,7200,7072,6944,6943,6942,6941,6940,6939,6938,6937,6936,6935,6934,6933,6932,6931,6930,6929,6928,6927,6926,7054,7053,7052,7180,7179,7178,7050,6922,6794,6666,6538,6410,6282,6154,6026,5898,5770,5642,5514,5386,5258,5130,5002,4874,4746,4618,4490,4362,4234,4106,4107,4106,3978,4106,4107,4108,4109,4110,4111,4112,4113,4114,4115,4116,4117,4118,4119,4120,4121,4122,4123,4124,4125,4126,4127,4128,4129,4130,4131,4132,4133,4134,4135,4136,4137,4138,4139,4140,4141,4142,4143,4144,4144,4144,4144,4144,4144,4144,4144,4144,4144,4144,4144,4144,4144,4144,4144,4144,4144,4144,4144,4144,4144,4144,4144,4144,4144,4144,4144,4144,4144,4144,4144,4144,4144,4144,4144,4144,4144,4144,4144,4144,4144,4144,4144,4144,4144,4144,4144,4144,4144,4144,4144,4144,4144,4144,4144,4144,4144,4144,4144,4144,4144,4144,4144,4144,4144,4144,4144,4144,4144,4144,4144,4144,4144,4144,4144,4144,4144,4144,4144,4144,4144,4144,4144,4144,4144,4144,4144,4144,4144,4144,4144,4144,4144,4144,4144,4144,4144,4144,4144,4144,4144,4144,4144,4144,4144,4144,4144,4144,4144,4144,4144,4144,4144,4144,4144,4144,4144,4144,4144,4144,4144,4144,4144,4144,4144,4144,4144,4144,4144,4144,4144,4144,4144,4144,4144,4144,4144,4144,4144,4144,4144,4144,4144,4144,4144,4144,4144,4144,4144,4144,4144,4144,4144,4144,
goal:4144,4144,4144,4144,4144,4144,4144,4144,4144,4144,4144,4144,4144,4144,4144,4144,4144,4144,4144,4144,4144,4144,4144,4144,4144,4144,4144,4144,4144,4144,4144,4144,4144,4144,4144,4144,4144,4144,4144,4144,4144,4144,4144,4144,4144,4144,4144,4144,4144,4144,4144,4144,4144,4144,4144,4144,4144,4144,4144,4144,4144,4144,4144,4144,4144,4144,4144,4144,4144,4144,4144,4144,4144,4144,4144,4144,4144,4144,4144,4144,4144,4144,4144,4144,4144,4144,4144,4144,4144,4144,4144,4144,4144,4144,4144,4144,4144,4144,4144,4144,4144,4144,4144,4144,4144,4144,4144,4144,4144,4144,4144,4144,4144,4144,4144,4144,4144,4144,4144,4144,4144,4144,4144,4144,4144,4144,4144,4144,4144,4144,4144,4144,4144,4144,4144,4144,4144,4144,4144,4144,4144,4144,4144,4144,4144,4144,4144,4144,4144,4144,4144,4144,4144,4144,4144,4144,4144,4144,4144,4144,4144,4144,4144,4144,4144,4144,4144,4144,4144,4144,4144,4144,4144,4144,4144,4144,4144,4144,4144,4144,4144,4144,4144,4144,4144,4144,4144,4144,4144,4144,4144,4144,4144,4144,4144,4144,4144,4144,4144,4144,4144,4144,4144,4144,4144,4144,4144,4144,4144,4144,4144,4144,4144,4144,4144,4144,4144,4144,4144,4144,4144,4144,4144,4144,4144,4144,4144,4144,4144,4144,4144,4144,4144,4144,4144,4144,4144,4144,4144,4144,4144,4144,4144,4144,4144,4144,4144,4144,4144,4144,4144,4144,4144,4144,4144,4144,4144,4144,4144,4144,4144,4144,4144,4144,4144,4144,4144,4144,4144,4144,4144,4144,4144,4144,4144,4144,4144,4144,4144,4144,4144,4144,4144,4144,4144,4144,4144,4144,4144,4144,4144,4144,4144,4144,4144,4144,4144,4144,4144,4144,4144,4144,4144,4144,4144,4144,4144,4144,4144,4144,4144,4144,4144,4144,4144,4144,4144,4144,4144,4144,4144,4144,4144,4144,4144,4144,4144,4144,4144,4144,4144,4144,4144,4144,4144,4144,4144,4144,4144,4144,4144,4144,4144,4144,4144,4144,4144,4144,4144,4144,4144,4144,4144,4144,4144,4144,4144,4144,4144,4144,4144,4144,4144,4144,4144,4144,4144,4144,4144,4144,4144,4144,4144,4144,4144,4144,4144,4144,4144,4144,4144,4144,4144,4144,4144,4144,4144,4144,4144,
size:234
[agent] id:18
path:13085,13084,13083,13082,13081,12953,12825,12824,12823,12695,12567,12566,12565,12693,12821,12949,13077,13205,13333,13461,13589,13717,13845,13973,14101,14229,14357,14356,14355,14354,14353,14352,14351,14350,14349,14348,14347,14475,14603,14731,14859,14987,15115,15243,15371,15370,15498,15626,15627,15628,15629,15630,15631,15632,15633,15634,15635,15636,15637,15638,15639,15511,15383,15255,15127,14999,14871,14743,14615,14487,14359,14360,14361,14362,14363,14364,14365,14366,14367,14368,14369,14370,14371,14372,14373,14374,14375,14376,14377,14378,14379,14380,14381,14382,14383,14384,14385,14386,14387,14388,14389,14390,14262,14134,14006,14007,14008,14136,14264,14392,14393,14394,14395,14395,14395,14395,14395,14395,14395,14395,14395,14395,14395,14395,14395,14395,14395,14395,14395,14395,14395,14395,14395,14395,14395,14395,14395,14395,14395,14395,14395,14395,14395,14395,14395,14395,14395,14395,14395,14395,14395,14395,14395,14395,14395,14395,14395,14395,14395,14395,14395,14395,14395,14395,14395,14395,14395,14395,14395,14395,14395,14395,14395,14395,14395,14395,14395,14395,14395,14395,14395,14395,14395,14395,14395,14395,14395,14395,14395,14395,14395,14395,14395,14395,14395,14395,14395,14395,14395,14395,14395,14395,14395,14395,14395,14395,14395,14395,14395,14395,14395,14395,14395,14395,14395,14395,14395,14395,14395,14395,14395,14395,14395,14395,14395,14395,14395,14395,14395,14395,14395,14395,14395,14395,14395,14395,14395,14395,14395,14395,14395,14395,14395,14395,14395,14395,14395,14395,14395,14395,14395,14395,14395,14395,14395,14395,14395,14395,14395,14395,14395,14395,14395,14395,14395,14395,14395,14395,14395,14395,14395,14395,14395,14395,14395,14395,14395,14395,14395,14395,14395,14395,14395,14395,14395,14395,14395,14395,14395,14395,14395,14395,14395,14395,14395,14395,14395,14395,14395,14395,14395,14395,14395,14395,14395,14395,14395,14395,14395,14395,14395,14395,14395,14395,14395,14395,14395,14395,14395,14395,14395,14395,14395,14395,14395,14395,14395,14395,14395,14395,14395,14395,14395,14395,14395,14395,14395,14395,14395,14395,14395,14395,14395,14395,14395,14395,14395,14395,14395,14395,14395,14395,14395,14395,14395,14395,14395,14395,14395,14395,14395,14395,14395,14395,14395,14395,14395,14395,14395,14395,14395,14395,14395,14395,14395,14395,14395,14395,14395,14395,14395,14395,14395,14395,14395,14395,14395,14395,14395,
goal:14395,14395,14395,14395,14395,14395,14395,14395,14395,14395,14395,14395,14395,14395,14395,14395,14395,14395,14395,14395,14395,14395,14395,14395,14395,14395,14395,14395,14395,14395,14395,14395,14395,14395,14395,14395,14395,14395,14395,14395,14395,14395,14395,14395,14395,14395,14395,14395,14395,14395,14395,14395,14395,14395,14395,14395,14395,14395,14395,14395,14395,14395,14395,14395,14395,14395,14395,14395,14395,14395,14395,14395,14395,14395,14395,14395,14395,14395,14395,14395,14395,14395,14395,14395,14395,14395,14395,14395,14395,14395,14395,14395,14395,14395,14395,14395,14395,14395,14395,14395,14395,14395,14395,14395,14395,14395,14395,14395,14395,14395,14395,14395,14395,14395,14395,14395,14395,14395,14395,14395,14395,14395,14395,14395,14395,14395,14395,14395,14395,14395,14395,14395,14395,14395,14395,14395,14395,14395,14395,14395,14395,14395,14395,14395,14395,14395,14395,14395,14395,14395,14395,14395,14395,14395,14395,14395,14395,14395,14395,14395,14395,14395,14395,14395,14395,14395,14395,14395,14395,14395,14395,14395,14395,14395,14395,14395,14395,14395,14395,14395,14395,14395,14395,14395,14395,14395,14395,14395,14395,14395,14395,14395,14395,14395,14395,14395,14395,14395,14395,14395,14395,14395,14395,14395,14395,14395,14395,14395,14395,14395,14395,14395,14395,14395,14395,14395,14395,14395,14395,14395,14395,14395,14395,14395,14395,14395,14395,14395,14395,14395,14395,14395,14395,14395,14395,14395,14395,14395,14395,14395,14395,14395,14395,14395,14395,14395,14395,14395,14395,14395,14395,14395,14395,14395,14395,14395,14395,14395,14395,14395,14395,14395,14395,14395,14395,14395,14395,14395,14395,14395,14395,14395,14395,14395,14395,14395,14395,14395,14395,14395,14395,14395,14395,14395,14395,14395,14395,14395,14395,14395,14395,14395,14395,14395,14395,14395,14395,14395,14395,14395,14395,14395,14395,14395,14395,14395,14395,14395,14395,14395,14395,14395,14395,14395,14395,14395,14395,14395,14395,14395,14395,14395,14395,14395,14395,14395,14395,14395,14395,14395,14395,14395,14395,14395,14395,14395,14395,14395,14395,14395,14395,14395,14395,14395,14395,14395,14395,14395,14395,14395,14395,14395,14395,14395,14395,14395,14395,14395,14395,14395,14395,14395,14395,14395,14395,14395,14395,14395,14395,14395,14395,14395,14395,14395,14395,14395,14395,14395,14395,14395,14395,14395,14395,14395,14395,14395,14395,14395,14395,
size:112
[agent] id:19
path:5457,5585,5586,5587,5588,5589,5590,5591,5592,5593,5594,5595,5596,5597,5598,5599,5600,5601,5602,5603,5604,5732,5860,5861,5862,5863,5864,5865,5866,5867,5868,5869,5870,5871,5743,5615,5487,5359,5231,5103,4975,4847,4719,4591,4463,4335,4207,4079,3951,3823,3695,3567,3439,3311,3183,3055,2927,2799,2671,2543,2415,2287,2159,2031,1903,1775,1647,1519,1391,1390,1389,1388,1387,1386,1385,1384,1383,1382,1381,1380,1379,1378,1506,1634,1633,1632,1631,1630,1629,1628,1627,1626,1625,1624,1623,1622,1621,1620,1619,1618,1617,1616,1615,1614,1613,1612,1611,1610,1609,1608,1607,1606,1605,1604,1603,1475,1347,1346,1345,1344,1343,1342,1341,1340,1339,1338,1337,1336,1335,1334,1462,1590,1718,1846,1974,2102,2230,2358,2486,2614,2742,2870,2998,3126,3254,3382,3510,3638,3766,3894,4022,4150,4149,4148,4147,4146,4145,4144,4143,4142,4141,4140,4139,4138,4137,4136,4135,4134,4133,4132,4131,4130,4129,4128,4127,4126,4125,4124,4123,4122,4121,4120,4119,4118,4117,4116,4115,4114,4113,4112,4111,4110,4109,4108,4107,4106,4234,4362,4490,4618,4746,4874,5002,5130,5258,5386,5514,5642,5770,5898,6026,6154,6282,6410,6538,6666,6794,6922,7050,7178,7179,7180,7181,7182,7183,7184,7185,7186,7187,7188,7189,7061,6933,6934,6935,7063,7191,7319,7447,7575,7703,7831,7959,8087,8215,8343,8344,8345,8346,8347,8348,8349,8350,8351,8352,8353,8354,8482,8610,8738,8866,8994,9122,9250,9378,9506,9634,9762,9763,9764,9765,9766,9767,9768,9769,9770,9771,9772,9773,9901,10029,10157,10285,10413,10541,10669,10797,10796,10795,10923,11051,11179,11307,11435,11436,11437,11438,11439,11440,11441,11442,11443,11444,11445,11446,11447,11448,11449,11450,11451,11452,11453,11454,11455,11456,11457,11458,11459,11331,11203,11075,10947,10819,10691,10563,10435,10307,10179,10180,10181,10182,10183,10184,10185,10186,10187,10188,10189,10189,10189,10189,10189,10189,10189,10189,10189,10189,10189,10189,10189,10189,10189,10189,10189,10189,10189,10189,10189,10189,10189,10189,10189,10189,10189,10189,10189,10189,10189,10189,10189,10189,10189,10189,10189,10189,10189,10189,10189,10189,10189,10189,10189,10189,10189,10189,10189,10189,10189,10189,
goal:10189,10189,10189,10189,10189,10189,10189,10189,10189,10189,10189,10189,10189,10189,10189,10189,10189,10189,10189,10189,10189,10189,10189,10189,10189,10189,10189,10189,10189,10189,10189,10189,10189,10189,10189,10189,10189,10189,10189,10189,10189,10189,10189,10189,10189,10189,10189,10189,10189,10189,10189,10189,10189,10189,10189,10189,10189,10189,10189,10189,10189,10189,10189,10189,10189,10189,10189,10189,10189,10189,10189,10189,10189,10189,10189,10189,10189,10189,10189,10189,10189,10189,10189,10189,10189,10189,10189,10189,10189,10189,10189,10189,10189,10189,10189,10189,10189,10189,10189,10189,10189,10189,10189,10189,10189,10189,10189,10189,10189,10189,10189,10189,10189,10189,10189,10189,10189,10189,10189,10189,10189,10189,10189,10189,10189,10189,10189,10189,10189,10189,10189,10189,10189,10189,10189,10189,10189,10189,10189,10189,10189,10189,10189,10189,10189,10189,10189,10189,10189,10189,10189,10189,10189,10189,10189,10189,10189,10189,10189,10189,10189,10189,10189,10189,10189,10189,10189,10189,10189,10189,10189,10189,10189,10189,10189,10189,10189,10189,10189,10189,10189,10189,10189,10189,10189,10189,10189,10189,10189,10189,10189,10189,10189,10189,10189,10189,10189,10189,10189,10189,10189,10189,10189,10189,10189,10189,10189,10189,10189,10189,10189,10189,10189,10189,10189,10189,10189,10189,10189,10189,10189,10189,10189,10189,10189,10189,10189,10189,10189,10189,10189,10189,10189,10189,10189,10189,10189,10189,10189,10189,10189,10189,10189,10189,10189,10189,10189,10189,10189,10189,10189,10189,10189,10189,10189,10189,10189,10189,10189,10189,10189,10189,10189,10189,10189,10189,10189,10189,10189,10189,10189,10189,10189,10189,10189,10189,10189,10189,10189,10189,10189,10189,10189,10189,10189,10189,10189,10189,10189,10189,10189,10189,10189,10189,10189,10189,10189,10189,10189,10189,10189,10189,10189,10189,10189,10189,10189,10189,10189,10189,10189,10189,10189,10189,10189,10189,10189,10189,10189,10189,10189,10189,10189,10189,10189,10189,10189,10189,10189,10189,10189,10189,10189,10189,10189,10189,10189,10189,10189,10189,10189,10189,10189,10189,10189,10189,10189,10189,10189,10189,10189,10189,10189,10189,10189,10189,10189,10189,10189,10189,10189,10189,10189,10189,10189,10189,10189,10189,10189,10189,10189,10189,10189,10189,10189,10189,10189,10189,10189,10189,10189,10189,10189,10189,10189,10189,10189,10189,10189,
size:337
